  0.0000000E+00
  0.0000000E+00
  1.2470383E-09
  5.7867872E-10
  3.2244446E-10
  2.0225158E-10
  1.3784281E-10
  9.9897014E-11
  7.5837517E-11
  5.9702951E-11
  4.8387044E-11
  4.0133952E-11
  3.3972093E-11
  2.9203123E-11
  2.5437642E-11
  2.2388960E-11
  1.9922976E-11
  1.7901687E-11
  1.6204078E-11
  1.4778675E-11
  1.3545515E-11
  1.2481643E-11
  1.1556424E-11
  1.0741692E-11
  1.0024134E-11
  9.3896540E-12
  8.8213326E-12
  8.3137022E-12
  7.8571906E-12
  7.4433792E-12
  7.0694284E-12
  6.7263395E-12
  6.4152082E-12
  6.1295621E-12
  5.8664115E-12
  5.6256063E-12
  5.4009089E-12
  5.1935071E-12
  5.0013839E-12
  4.8234194E-12
  4.6571796E-12
  4.5016491E-12
  4.3557948E-12
  4.2189199E-12
  4.0901575E-12
  3.9694155E-12
  3.8557452E-12
  3.7486607E-12
  3.6473550E-12
  3.5516906E-12
  3.4611576E-12
  3.3754477E-12
  3.2943450E-12
  3.2171314E-12
  3.1436446E-12
  3.0734278E-12
  3.0066700E-12
  2.9432756E-12
  2.8828866E-12
  2.8253120E-12
  2.7701218E-12
  2.7174354E-12
  2.6669055E-12
  2.6184608E-12
  2.5720326E-12
  2.5275546E-12
  2.4850434E-12
  2.4442048E-12
  2.4049484E-12
  2.3671911E-12
  2.3307604E-12
  2.2955366E-12
  2.2617290E-12
  2.2292123E-12
  2.1980382E-12
  2.1681689E-12
  2.1393746E-12
  2.1115486E-12
  2.0846361E-12
  2.0585868E-12
  2.0333529E-12
  2.0090474E-12
  1.9854927E-12
  1.9627429E-12
  1.9407152E-12
  1.9193332E-12
  1.8986481E-12
  1.8785735E-12
  1.8590264E-12
  1.8400474E-12
  1.8216147E-12
  1.8036529E-12
  1.7862543E-12
  1.7692883E-12
  1.7527919E-12
  1.7367476E-12
  1.7210878E-12
  1.7058976E-12
  1.6911105E-12
  1.6766644E-12
  1.6626407E-12
  1.6489326E-12
  1.6355741E-12
  1.6225532E-12
  1.6098155E-12
  1.5973939E-12
  1.5852366E-12
  1.5733355E-12
  1.5617228E-12
  1.5503495E-12
  1.5392090E-12
  1.5282568E-12
  1.5175246E-12
  1.5070421E-12
  1.4966940E-12
  1.4865829E-12
  1.4765977E-12
  1.4668036E-12
  1.4571950E-12
  1.4477011E-12
  1.4383845E-12
  1.4291764E-12
  1.4201065E-12
  1.4111711E-12
  1.4023674E-12
  1.3936625E-12
  1.3850836E-12
  1.3765998E-12
  1.3682087E-12
  1.3599096E-12
  1.3517007E-12
  1.3435805E-12
  1.3355483E-12
  1.3275769E-12
  1.3196924E-12
  1.3118940E-12
  1.3041304E-12
  1.2964278E-12
  1.2888104E-12
  1.2812056E-12
  1.2736860E-12
  1.2662043E-12
  1.2587610E-12
  1.2513801E-12
  1.2440163E-12
  1.2366936E-12
  1.2294123E-12
  1.2221520E-12
  1.2149138E-12
  1.2077200E-12
  1.2005503E-12
  1.1934059E-12
  1.1862676E-12
  1.1791764E-12
  1.1721128E-12
  1.1650769E-12
  1.1580508E-12
  1.1510731E-12
  1.1441249E-12
  1.1372070E-12
  1.1303194E-12
  1.1234449E-12
  1.1166018E-12
  1.1097908E-12
  1.1029774E-12
  1.0961972E-12
  1.0894171E-12
  1.0826711E-12
  1.0759105E-12
  1.0691855E-12
  1.0624484E-12
  1.0557325E-12
  1.0490068E-12
  1.0422888E-12
  1.0355790E-12
  1.0288787E-12
  1.0221587E-12
  1.0154506E-12
  1.0087409E-12
  1.0020163E-12
  9.9530724E-13
  9.8858638E-13
  9.8186921E-13
  9.7514314E-13
  9.6842348E-13
  9.6171096E-13
  9.5498013E-13
  9.4825905E-13
  9.4154892E-13
  9.3482438E-13
  9.2811284E-13
  9.2138959E-13
  9.1468120E-13
  9.0796381E-13
  9.0126317E-13
  8.9455570E-13
  8.8785462E-13
  8.8116087E-13
  8.7447541E-13
  8.6779889E-13
  8.6112064E-13
  8.5445323E-13
  8.4778603E-13
  8.4111971E-13
  8.3445528E-13
  8.2779389E-13
  8.2113591E-13
  8.1448265E-13
  8.0782370E-13
  8.0116035E-13
  7.9451463E-13
  7.8786603E-13
  7.8122589E-13
  7.7459485E-13
  7.6796322E-13
  7.6134205E-13
  7.5473183E-13
  7.4813300E-13
  7.4153644E-13
  7.3495252E-13
  7.2837212E-13
  7.2180537E-13
  7.1524340E-13
  7.0868664E-13
  7.0214510E-13
  6.9561013E-13
  6.8909109E-13
  6.8257948E-13
  6.7608462E-13
  6.6960706E-13
  6.6313811E-13
  6.5667827E-13
  6.5024532E-13
  6.4382213E-13
  6.3740902E-13
  6.3102350E-13
  6.2464866E-13
  6.1830153E-13
  6.1196561E-13
  6.0564954E-13
  5.9935325E-13
  5.9308504E-13
  5.8682903E-13
  5.8060111E-13
  5.7439351E-13
  5.6820634E-13
  5.6204737E-13
  5.5590889E-13
  5.4979854E-13
  5.4371622E-13
  5.3766193E-13
  5.3162807E-13
  5.2562197E-13
  5.1965105E-13
  5.1370036E-13
  5.0777720E-13
  5.0188136E-13
  4.9602000E-13
  4.9018558E-13
  4.8437811E-13
  4.7861129E-13
  4.7287087E-13
  4.6716363E-13
  4.6149597E-13
  4.5586083E-13
  4.5025789E-13
  4.4469352E-13
  4.3916070E-13
  4.3366572E-13
  4.2820817E-13
  4.2278125E-13
  4.1739111E-13
  4.1204358E-13
  4.0673191E-13
  4.0145575E-13
  3.9621475E-13
  3.9102074E-13
  3.8585487E-13
  3.8073508E-13
  3.7565472E-13
  3.7061329E-13
  3.6561631E-13
  3.6065142E-13
  3.5573579E-13
  3.5085720E-13
  3.4602087E-13
  3.4122068E-13
  3.3646743E-13
  3.3175489E-13
  3.2708816E-13
  3.2246100E-13
  3.1787848E-13
  3.1333451E-13
  3.0883946E-13
  3.0438182E-13
  2.9997188E-13
  2.9560366E-13
  2.9127658E-13
  2.8699010E-13
  2.8275407E-13
  2.7855745E-13
  2.7440490E-13
  2.7029572E-13
  2.6623441E-13
  2.6221527E-13
  2.5824275E-13
  2.5431119E-13
  2.5042495E-13
  2.4658346E-13
  2.4279084E-13
  2.3903679E-13
  2.3533039E-13
  2.3167094E-13
  2.2805304E-13
  2.2448078E-13
  2.2094884E-13
  2.1746601E-13
  2.1402690E-13
  2.1063548E-13
  2.0728650E-13
  2.0397933E-13
  2.0071794E-13
  1.9750160E-13
  1.9432967E-13
  1.9120155E-13
  1.8812099E-13
  1.8507850E-13
  1.8208227E-13
  1.7913161E-13
  1.7622156E-13
  1.7335581E-13
  1.7053371E-13
  1.6775460E-13
  1.6501790E-13
  1.6232709E-13
  1.5967741E-13
  1.5706823E-13
  1.5450307E-13
  1.5197720E-13
  1.4949816E-13
  1.4705720E-13
  1.4465775E-13
  1.4229923E-13
  1.3998497E-13
  1.3771039E-13
  1.3547102E-13
  1.3327801E-13
  1.3111903E-13
  1.2900132E-13
  1.2692428E-13
  1.2488350E-13
  1.2288601E-13
  1.2092364E-13
  1.1899967E-13
  1.1711354E-13
  1.1526469E-13
  1.1345628E-13
  1.1168403E-13
  1.0994749E-13
  1.0824611E-13
  1.0658298E-13
  1.0495399E-13
  1.0336220E-13
  1.0180356E-13
  1.0028108E-13
  9.8790788E-14
  9.7335666E-14
  9.5915246E-14
  9.4525577E-14
  9.3173055E-14
  9.1850362E-14
  9.0560467E-14
  8.9299512E-14
  8.8073801E-14
  8.6879499E-14
  8.5712850E-14
  8.4576775E-14
  8.3474094E-14
  8.2397820E-14
  8.1350833E-14
  8.0335945E-14
  7.9346272E-14
  7.8384680E-14
  7.7450748E-14
  7.6547242E-14
  7.5667486E-14
  7.4814239E-14
  7.3987156E-14
  7.3185842E-14
  7.2409974E-14
  7.1659157E-14
  7.0933067E-14
  7.0228328E-14
  6.9550661E-14
  6.8893709E-14
  6.8260156E-14
  6.7649682E-14
  6.7059009E-14
  6.6490806E-14
  6.5944768E-14
  6.5417669E-14
  6.4912153E-14
  6.4427928E-14
  6.3961816E-14
  6.3513607E-14
  6.3085869E-14
  6.2675525E-14
  6.2285131E-14
  6.1911637E-14
  6.1554806E-14
  6.1214421E-14
  6.0890258E-14
  6.0582100E-14
  6.0289738E-14
  6.0010245E-14
  5.9748857E-14
  5.9499951E-14
  5.9266035E-14
  5.9044261E-14
  5.8837111E-14
  5.8644387E-14
  5.8463285E-14
  5.8293634E-14
  5.8135300E-14
  5.7988133E-14
  5.7854566E-14
  5.7731848E-14
  5.7617288E-14
  5.7513334E-14
  5.7419828E-14
  5.7336650E-14
  5.7261155E-14
  5.7193243E-14
  5.7135313E-14
  5.7084742E-14
  5.7041462E-14
  5.7005365E-14
  5.6978802E-14
  5.6956806E-14
  5.6944128E-14
  5.6935874E-14
  5.6934356E-14
  5.6937114E-14
  5.6946479E-14
  5.6959998E-14
  5.6979967E-14
  5.7001631E-14
  5.7029631E-14
  5.7059236E-14
  5.7092765E-14
  5.7132467E-14
  5.7173660E-14
  5.7216351E-14
  5.7265045E-14
  5.7312899E-14
  5.7364419E-14
  5.7419564E-14
  5.7473821E-14
  5.7529427E-14
  5.7588577E-14
  5.7646826E-14
  5.7706376E-14
  5.7765025E-14
  5.7824967E-14
  5.7884023E-14
  5.7944345E-14
  5.8003800E-14
  5.8064515E-14
  5.8122222E-14
  5.8181216E-14
  5.8239343E-14
  5.8294542E-14
  5.8348942E-14
  5.8402535E-14
  5.8453269E-14
  5.8503244E-14
  5.8550427E-14
  5.8594839E-14
  5.8638573E-14
  5.8679597E-14
  5.8717930E-14
  5.8753641E-14
  5.8788749E-14
  5.8819276E-14
  5.8845283E-14
  5.8870775E-14
  5.8891836E-14
  5.8908506E-14
  5.8922803E-14
  5.8932812E-14
  5.8940530E-14
  5.8942123E-14
  5.8941506E-14
  5.8936803E-14
  5.8929966E-14
  5.8917227E-14
  5.8900564E-14
  5.8880018E-14
  5.8855630E-14
  5.8827461E-14
  5.8795559E-14
  5.8756243E-14
  5.8715179E-14
  5.8668673E-14
  5.8616794E-14
  5.8561446E-14
  5.8500852E-14
  5.8436864E-14
  5.8367739E-14
  5.8293519E-14
  5.8214271E-14
  5.8131844E-14
  5.8044484E-14
  5.7952266E-14
  5.7856999E-14
  5.7755206E-14
  5.7650465E-14
  5.7539334E-14
  5.7425330E-14
  5.7306800E-14
  5.7182036E-14
  5.7052853E-14
  5.6919286E-14
  5.6781399E-14
  5.6639223E-14
  5.6492839E-14
  5.6340586E-14
  5.6184221E-14
  5.6023786E-14
  5.5859336E-14
  5.5690915E-14
  5.5518561E-14
  5.5340698E-14
  5.5159002E-14
  5.4973539E-14
  5.4784336E-14
  5.4591453E-14
  5.4393308E-14
  5.4191576E-14
  5.3986292E-14
  5.3777505E-14
  5.3565262E-14
  5.3349594E-14
  5.3128963E-14
  5.2906579E-14
  5.2679313E-14
  5.2450374E-14
  5.2216644E-14
  5.1979746E-14
  5.1741248E-14
  5.1498102E-14
  5.1253435E-14
  5.1004194E-14
  5.0753489E-14
  5.0499803E-14
  5.0243186E-14
  4.9983662E-14
  4.9722765E-14
  4.9459030E-14
  4.9192468E-14
  4.8924603E-14
  4.8653982E-14
  4.8382102E-14
  4.8107504E-14
  4.7831690E-14
  4.7554669E-14
  4.7275009E-14
  4.6992741E-14
  4.6710777E-14
  4.6426228E-14
  4.6140575E-14
  4.5853827E-14
  4.5564559E-14
  4.5275659E-14
  4.4985696E-14
  4.4693287E-14
  4.4401250E-14
  4.4108201E-14
  4.3815537E-14
  4.3520482E-14
  4.3227215E-14
  4.2931584E-14
  4.2636355E-14
  4.2341534E-14
  4.2047122E-14
  4.1751752E-14
  4.1456784E-14
  4.1162234E-14
  4.0866741E-14
  4.0573000E-14
  4.0278321E-14
  3.9985390E-14
  3.9692852E-14
  3.9400717E-14
  3.9110289E-14
  3.8818930E-14
  3.8529279E-14
  3.8241305E-14
  3.7953707E-14
  3.7667772E-14
  3.7382197E-14
  3.7098261E-14
  3.6815958E-14
  3.6533995E-14
  3.6254918E-14
  3.5976163E-14
  3.5700267E-14
  3.5424673E-14
  3.5151898E-14
  3.4880668E-14
  3.4610969E-14
  3.4344032E-14
  3.4078595E-14
  3.3814639E-14
  3.3553398E-14
  3.3293606E-14
  3.3036487E-14
  3.2782011E-14
  3.2530161E-14
  3.2279694E-14
  3.2033028E-14
  3.1787703E-14
  3.1544920E-14
  3.1305860E-14
  3.1068088E-14
  3.0833985E-14
  3.0602331E-14
  3.0374283E-14
  3.0147448E-14
  2.9925356E-14
  2.9704432E-14
  2.9487013E-14
  2.9273072E-14
  2.9061402E-14
  2.8853154E-14
  2.8648291E-14
  2.8445633E-14
  2.8246309E-14
  2.8050294E-14
  2.7857553E-14
  2.7668055E-14
  2.7481772E-14
  2.7297553E-14
  2.7117621E-14
  2.6940830E-14
  2.6767132E-14
  2.6596514E-14
  2.6430059E-14
  2.6265507E-14
  2.6105057E-14
  2.5947572E-14
  2.5794115E-14
  2.5642469E-14
  2.5495897E-14
  2.5351086E-14
  2.5210192E-14
  2.5073193E-14
  2.4938967E-14
  2.4807493E-14
  2.4679824E-14
  2.4555932E-14
  2.4434712E-14
  2.4317210E-14
  2.4202333E-14
  2.4091118E-14
  2.3982483E-14
  2.3877456E-14
  2.3776005E-14
  2.3677056E-14
  2.3582676E-14
  2.3489711E-14
  2.3401252E-14
  2.3315199E-14
  2.3232564E-14
  2.3152290E-14
  2.3075383E-14
  2.3001813E-14
  2.2930537E-14
  2.2862551E-14
  2.2797827E-14
  2.2736340E-14
  2.2677054E-14
  2.2619956E-14
  2.2567026E-14
  2.2516235E-14
  2.2467564E-14
  2.2421994E-14
  2.2379490E-14
  2.2339051E-14
  2.2301636E-14
  2.2266246E-14
  2.2233839E-14
  2.2203415E-14
  2.2175931E-14
  2.2150396E-14
  2.2127760E-14
  2.2107031E-14
  2.2089162E-14
  2.2072208E-14
  2.2058078E-14
  2.2046745E-14
  2.2036285E-14
  2.2028594E-14
  2.2022699E-14
  2.2018589E-14
  2.2016250E-14
  2.2015670E-14
  2.2016834E-14
  2.2020661E-14
  2.2025274E-14
  2.2031593E-14
  2.2039604E-14
  2.2049298E-14
  2.2060658E-14
  2.2072755E-14
  2.2086506E-14
  2.2101890E-14
  2.2117990E-14
  2.2135710E-14
  2.2155033E-14
  2.2174145E-14
  2.2195748E-14
  2.2217137E-14
  2.2240988E-14
  2.2264617E-14
  2.2289797E-14
  2.2315634E-14
  2.2342127E-14
  2.2369268E-14
  2.2397055E-14
  2.2425484E-14
  2.2455418E-14
  2.2485113E-14
  2.2515437E-14
  2.2546387E-14
  2.2577958E-14
  2.2609285E-14
  2.2641226E-14
  2.2673788E-14
  2.2706104E-14
  2.2738179E-14
  2.2770870E-14
  2.2803320E-14
  2.2836378E-14
  2.2869198E-14
  2.2901787E-14
  2.2933305E-14
  2.2965438E-14
  2.2997341E-14
  2.3029028E-14
  2.3060491E-14
  2.3091741E-14
  2.3121950E-14
  2.3151950E-14
  2.3180927E-14
  2.3210519E-14
  2.3238279E-14
  2.3266662E-14
  2.3293225E-14
  2.3320415E-14
  2.3345804E-14
  2.3371018E-14
  2.3396053E-14
  2.3419317E-14
  2.3442421E-14
  2.3463765E-14
  2.3484961E-14
  2.3505213E-14
  2.3523738E-14
  2.3542130E-14
  2.3558822E-14
  2.3574602E-14
  2.3588697E-14
  2.3601909E-14
  2.3614232E-14
  2.3624908E-14
  2.3633945E-14
  2.3642131E-14
  2.3649475E-14
  2.3655209E-14
  2.3659350E-14
  2.3662675E-14
  2.3664427E-14
  2.3665381E-14
  2.3664784E-14
  2.3661889E-14
  2.3658228E-14
  2.3653053E-14
  2.3646377E-14
  2.3638209E-14
  2.3628562E-14
  2.3616708E-14
  2.3604142E-14
  2.3589390E-14
  2.3573215E-14
  2.3554882E-14
  2.3535886E-14
  2.3514759E-14
  2.3492257E-14
  2.3467656E-14
  2.3442428E-14
  2.3415128E-14
  2.3385768E-14
  2.3355817E-14
  2.3323106E-14
  2.3289821E-14
  2.3254527E-14
  2.3217236E-14
  2.3177966E-14
  2.3137444E-14
  2.3094967E-14
  2.3050553E-14
  2.3004918E-14
  2.2957368E-14
  2.2908623E-14
  2.2857985E-14
  2.2805469E-14
  2.2751793E-14
  2.2696953E-14
  2.2640276E-14
  2.2581768E-14
  2.2521442E-14
  2.2459316E-14
  2.2396090E-14
  2.2330389E-14
  2.2263617E-14
  2.2195089E-14
  2.2124817E-14
  2.2053499E-14
  2.1980463E-14
  2.1906393E-14
  2.1830626E-14
  2.1753173E-14
  2.1674721E-14
  2.1594602E-14
  2.1513504E-14
  2.1430093E-14
  2.1345718E-14
  2.1259726E-14
  2.1172126E-14
  2.1083587E-14
  2.0993464E-14
  2.0902422E-14
  2.0809814E-14
  2.0715646E-14
  2.0620589E-14
  2.0524645E-14
  2.0427824E-14
  2.0329482E-14
  2.0229632E-14
  2.0128925E-14
  2.0026730E-14
  1.9923697E-14
  1.9819829E-14
  1.9714499E-14
  1.9607710E-14
  1.9500748E-14
  1.9392345E-14
  1.9283144E-14
  1.9173151E-14
  1.9062366E-14
  1.8950802E-14
  1.8838460E-14
  1.8725347E-14
  1.8610842E-14
  1.8496203E-14
  1.8381430E-14
  1.8265281E-14
  1.8148386E-14
  1.8031371E-14
  1.7913617E-14
  1.7795127E-14
  1.7675911E-14
  1.7555971E-14
  1.7435921E-14
  1.7315158E-14
  1.7193680E-14
  1.7072710E-14
  1.6950427E-14
  1.6828651E-14
  1.6706173E-14
  1.6583601E-14
  1.6460337E-14
  1.6337578E-14
  1.6214128E-14
  1.6090592E-14
  1.5966962E-14
  1.5843246E-14
  1.5719442E-14
  1.5594961E-14
  1.5470986E-14
  1.5346919E-14
  1.5222771E-14
  1.5098537E-14
  1.4974801E-14
  1.4850395E-14
  1.4726488E-14
  1.4602494E-14
  1.4478997E-14
  1.4355409E-14
  1.4232313E-14
  1.4109704E-14
  1.3987003E-14
  1.3864214E-14
  1.3742479E-14
  1.3620654E-14
  1.3499309E-14
  1.3378437E-14
  1.3258038E-14
  1.3138112E-14
  1.3018652E-14
  1.2899659E-14
  1.2781129E-14
  1.2663061E-14
  1.2546009E-14
  1.2428854E-14
  1.2312709E-14
  1.2197568E-14
  1.2082870E-14
  1.1968615E-14
  1.1854798E-14
  1.1742517E-14
  1.1630122E-14
  1.1518701E-14
  1.1408252E-14
  1.1298770E-14
  1.1189704E-14
  1.1081595E-14
  1.0974438E-14
  1.0867686E-14
  1.0762415E-14
  1.0658081E-14
  1.0554138E-14
  1.0451656E-14
  1.0349558E-14
  1.0248906E-14
  1.0149165E-14
  1.0049794E-14
  9.9518511E-15
  9.8553274E-15
  9.7591613E-15
  9.6644020E-15
  9.5705160E-15
  9.4780234E-15
  9.3863922E-15
  9.2956157E-15
  9.2062114E-15
  9.1176498E-15
  9.0299286E-15
  8.9440750E-15
  8.8590473E-15
  8.7748378E-15
  8.6919590E-15
  8.6104033E-15
  8.5296489E-15
  8.4502040E-15
  8.3715519E-15
  8.2947065E-15
  8.2186404E-15
  8.1438559E-15
  8.0703470E-15
  7.9976012E-15
  7.9261201E-15
  7.8563975E-15
  7.7874185E-15
  7.7196838E-15
  7.6531815E-15
  7.5879100E-15
  7.5233610E-15
  7.4605256E-15
  7.3988980E-15
  7.3379769E-15
  7.2787455E-15
  7.2202088E-15
  7.1633483E-15
  7.1076610E-15
  7.0526517E-15
  6.9992954E-15
  6.9466044E-15
  6.8955529E-15
  6.8456419E-15
  6.7963823E-15
  6.7487380E-15
  6.7022160E-15
  6.6568116E-15
  6.6125177E-15
  6.5688481E-15
  6.5267577E-15
  6.4857597E-15
  6.4458470E-15
  6.4070152E-15
  6.3692583E-15
  6.3325682E-15
  6.2969408E-15
  6.2623700E-15
  6.2293209E-15
  6.1968431E-15
  6.1654059E-15
  6.1350012E-15
  6.1056235E-15
  6.0772687E-15
  6.0499286E-15
  6.0235998E-15
  5.9982765E-15
  5.9739535E-15
  5.9501634E-15
  5.9278258E-15
  5.9060139E-15
  5.8851811E-15
  5.8653262E-15
  5.8464416E-15
  5.8280678E-15
  5.8106562E-15
  5.7942017E-15
  5.7787010E-15
  5.7636954E-15
  5.7496338E-15
  5.7365133E-15
  5.7238760E-15
  5.7121708E-15
  5.7013927E-15
  5.6910899E-15
  5.6817060E-15
  5.6727906E-15
  5.6647861E-15
  5.6572458E-15
  5.6506085E-15
  5.6444272E-15
  5.6387017E-15
  5.6338690E-15
  5.6294847E-15
  5.6255481E-15
  5.6224942E-15
  5.6194453E-15
  5.6177093E-15
  5.6159720E-15
  5.6151063E-15
  5.6142377E-15
  5.6142331E-15
  5.6146578E-15
  5.6150754E-15
  5.6163494E-15
  5.6180464E-15
  5.6197337E-15
  5.6222697E-15
  5.6247947E-15
  5.6281621E-15
  5.6315172E-15
  5.6348587E-15
  5.6390380E-15
  5.6432024E-15
  5.6477760E-15
  5.6527553E-15
  5.6577185E-15
  5.6630853E-15
  5.6688535E-15
  5.6741852E-15
  5.6803355E-15
  5.6864651E-15
  5.6925751E-15
  5.6986666E-15
  5.7051531E-15
  5.7120327E-15
  5.7184782E-15
  5.7253159E-15
  5.7321328E-15
  5.7389286E-15
  5.7461140E-15
  5.7528682E-15
  5.7600112E-15
  5.7671327E-15
  5.7738272E-15
  5.7809075E-15
  5.7879671E-15
  5.7946036E-15
  5.8016251E-15
  5.8082231E-15
  5.8152064E-15
  5.8217688E-15
  5.8279128E-15
  5.8344421E-15
  5.8405543E-15
  5.8466525E-15
  5.8527351E-15
  5.8584060E-15
  5.8640642E-15
  5.8697096E-15
  5.8749473E-15
  5.8801743E-15
  5.8849977E-15
  5.8894192E-15
  5.8938335E-15
  5.8982411E-15
  5.9018600E-15
  5.9054756E-15
  5.9090869E-15
  5.9123069E-15
  5.9151377E-15
  5.9175801E-15
  5.9200247E-15
  5.9220846E-15
  5.9237626E-15
  5.9254452E-15
  5.9263651E-15
  5.9272901E-15
  5.9278402E-15
  5.9280160E-15
  5.9278203E-15
  5.9272528E-15
  5.9263181E-15
  5.9250158E-15
  5.9233488E-15
  5.9216954E-15
  5.9193030E-15
  5.9165501E-15
  5.9134411E-15
  5.9103486E-15
  5.9065268E-15
  5.9023534E-15
  5.8978273E-15
  5.8929522E-15
  5.8877294E-15
  5.8821614E-15
  5.8758790E-15
  5.8696245E-15
  5.8626598E-15
  5.8553575E-15
  5.8477185E-15
  5.8397450E-15
  5.8314377E-15
  5.8224342E-15
  5.8134671E-15
  5.8038071E-15
  5.7938210E-15
  5.7835122E-15
  5.7728802E-15
  5.7615664E-15
  5.7502949E-15
  5.7383463E-15
  5.7260821E-15
  5.7131462E-15
  5.7002577E-15
  5.6867014E-15
  5.6728371E-15
  5.6586663E-15
  5.6441918E-15
  5.6294136E-15
  5.6139789E-15
  5.5982457E-15
  5.5822148E-15
  5.5658874E-15
  5.5492661E-15
  5.5319984E-15
  5.5147918E-15
  5.4969444E-15
  5.4788073E-15
  5.4603831E-15
  5.4413248E-15
  5.4223310E-15
  5.4030542E-15
  5.3831476E-15
  5.3633076E-15
  5.3428424E-15
  5.3220990E-15
  5.3014238E-15
  5.2801290E-15
  5.2585601E-15
  5.2370611E-15
  5.2149477E-15
  5.1925635E-15
  5.1702510E-15
  5.1473290E-15
  5.1244799E-15
  5.1010247E-15
  5.0776436E-15
  5.0539970E-15
  5.0300882E-15
  5.0059156E-15
  4.9814821E-15
  4.9571252E-15
  4.9325062E-15
  4.9076293E-15
  4.8824944E-15
  4.8571025E-15
  4.8317876E-15
  4.8062170E-15
  4.7803910E-15
  4.7546428E-15
  4.7286410E-15
  4.7023868E-15
  4.6762101E-15
  4.6497823E-15
  4.6234319E-15
  4.5968304E-15
  4.5703073E-15
  4.5435351E-15
  4.5165139E-15
  4.4895707E-15
  4.4627053E-15
  4.4355931E-15
  4.4085570E-15
  4.3815981E-15
  4.3543931E-15
  4.3272660E-15
  4.2998937E-15
  4.2725981E-15
  4.2453804E-15
  4.2182389E-15
  4.1911745E-15
  4.1638666E-15
  4.1366349E-15
  4.1094807E-15
  4.0824015E-15
  4.0553985E-15
  4.0281537E-15
  4.0013011E-15
  3.9745230E-15
  3.9475039E-15
  3.9208740E-15
  3.8940040E-15
  3.8675211E-15
  3.8411110E-15
  3.8144613E-15
  3.7881960E-15
  3.7620024E-15
  3.7361912E-15
  3.7101394E-15
  3.6844680E-15
  3.6585568E-15
  3.6330238E-15
  3.6078687E-15
  3.5824725E-15
  3.5574516E-15
  3.5328040E-15
  3.5079154E-15
  3.4833984E-15
  3.4592516E-15
  3.4348628E-15
  3.4111474E-15
  3.3871897E-15
  3.3635979E-15
  3.3403697E-15
  3.3172015E-15
  3.2940929E-15
  3.2713452E-15
  3.2489558E-15
  3.2266236E-15
  3.2046479E-15
  3.1827271E-15
  3.1611604E-15
  3.1399461E-15
  3.1187838E-15
  3.0979722E-15
  3.0772112E-15
  3.0567985E-15
  3.0367325E-15
  3.0170113E-15
  2.9973387E-15
  2.9780092E-15
  2.9587265E-15
  2.9400793E-15
  2.9214774E-15
  2.9032137E-15
  2.8852867E-15
  2.8676953E-15
  2.8502047E-15
  2.8330472E-15
  2.8161927E-15
  2.7996108E-15
  2.7833289E-15
  2.7673178E-15
  2.7516045E-15
  2.7361883E-15
  2.7210383E-15
  2.7061834E-15
  2.6916215E-15
  2.6773801E-15
  2.6634011E-15
  2.6497111E-15
  2.6363098E-15
  2.6232242E-15
  2.6103963E-15
  2.5978812E-15
  2.5856498E-15
  2.5737291E-15
  2.5620614E-15
  2.5507017E-15
  2.5396210E-15
  2.5288463E-15
  2.5183477E-15
  2.5081243E-15
  2.4982032E-15
  2.4885546E-15
  2.4791786E-15
  2.4701008E-15
  2.4612925E-15
  2.4527522E-15
  2.4445072E-15
  2.4365009E-15
  2.4287869E-15
  2.4213371E-15
  2.4141773E-15
  2.4072522E-15
  2.4005875E-15
  2.3941827E-15
  2.3880368E-15
  2.3821489E-15
  2.3765180E-15
  2.3711430E-15
  2.3659955E-15
  2.3611022E-15
  2.3564353E-15
  2.3520205E-15
  2.3478299E-15
  2.3438632E-15
  2.3401185E-15
  2.3366225E-15
  2.3333479E-15
  2.3302666E-15
  2.3274047E-15
  2.3247611E-15
  2.3223092E-15
  2.3200739E-15
  2.3180283E-15
  2.3161987E-15
  2.3145302E-15
  2.3130763E-15
  2.3117829E-15
  2.3107025E-15
  2.3097807E-15
  2.3090182E-15
  2.3084396E-15
  2.3080195E-15
  2.3077557E-15
  2.3076485E-15
  2.3076972E-15
  2.3078757E-15
  2.3082349E-15
  2.3086967E-15
  2.3093127E-15
  2.3100558E-15
  2.3109007E-15
  2.3118985E-15
  2.3129965E-15
  2.3142204E-15
  2.3155189E-15
  2.3169430E-15
  2.3184662E-15
  2.3200885E-15
  2.3218098E-15
  2.3235789E-15
  2.3254714E-15
  2.3274111E-15
  2.3294488E-15
  2.3315329E-15
  2.3336888E-15
  2.3359161E-15
  2.3381898E-15
  2.3405087E-15
  2.3428737E-15
  2.3452839E-15
  2.3477394E-15
  2.3502401E-15
  2.3527357E-15
  2.3552765E-15
  2.3578367E-15
  2.3604172E-15
  2.3630174E-15
  2.3656120E-15
  2.3682264E-15
  2.3708111E-15
  2.3734155E-15
  2.3760149E-15
  2.3785848E-15
  2.3811498E-15
  2.3837104E-15
  2.3862163E-15
  2.3887187E-15
  2.3912407E-15
  2.3936359E-15
  2.3960271E-15
  2.3984144E-15
  2.4005541E-15
  2.4029342E-15
  2.4050675E-15
  2.4071973E-15
  2.4093244E-15
  2.4112068E-15
  2.4133288E-15
  2.4152065E-15
  2.4168408E-15
  2.4187151E-15
  2.4203465E-15
  2.4219772E-15
  2.4233672E-15
  2.4247563E-15
  2.4261457E-15
  2.4272957E-15
  2.4284462E-15
  2.4293591E-15
  2.4302735E-15
  2.4311893E-15
  2.4318689E-15
  2.4325507E-15
  2.4329977E-15
  2.4334469E-15
  2.4336627E-15
  2.4336455E-15
  2.4338676E-15
  2.4336224E-15
  2.4333810E-15
  2.4331439E-15
  2.4326767E-15
  2.4319800E-15
  2.4312882E-15
  2.4303690E-15
  2.4294552E-15
  2.4283139E-15
  2.4269470E-15
  2.4255864E-15
  2.4240014E-15
  2.4224232E-15
  2.4206209E-15
  2.4185963E-15
  2.4165793E-15
  2.4143404E-15
  2.4118808E-15
  2.4094303E-15
  2.4067596E-15
  2.4038704E-15
  2.4009911E-15
  2.3978939E-15
  2.3945797E-15
  2.3912763E-15
  2.3877571E-15
  2.3840227E-15
  2.3803004E-15
  2.3761379E-15
  2.3719883E-15
  2.3678518E-15
  2.3635029E-15
  2.3589429E-15
  2.3541722E-15
  2.3491919E-15
  2.3442264E-15
  2.3390518E-15
  2.3338930E-15
  2.3283034E-15
  2.3227301E-15
  2.3169506E-15
  2.3111878E-15
  2.3052201E-15
  2.2990477E-15
  2.2926717E-15
  2.2863139E-15
  2.2797530E-15
  2.2729903E-15
  2.2660262E-15
  2.2590811E-15
  2.2519356E-15
  2.2448090E-15
  2.2374828E-15
  2.2299580E-15
  2.2222350E-15
  2.2145325E-15
  2.2066320E-15
  2.1987525E-15
  2.1906764E-15
  2.1824047E-15
  2.1741538E-15
  2.1654925E-15
  2.1570685E-15
  2.1484502E-15
  2.1396385E-15
  2.1306339E-15
  2.1216519E-15
  2.1124779E-15
  2.1033266E-15
  2.0940696E-15
  2.0846643E-15
  2.0751755E-15
  2.0655820E-15
  2.0559271E-15
  2.0461675E-15
  2.0363257E-15
  2.0264012E-15
  2.0163950E-15
  2.0063276E-15
  1.9961579E-15
  1.9859276E-15
  1.9756160E-15
  1.9652446E-15
  1.9548133E-15
  1.9443017E-15
  1.9337305E-15
  1.9231000E-15
  1.9124102E-15
  1.9016618E-15
  1.8908751E-15
  1.8800296E-15
  1.8691256E-15
  1.8581842E-15
  1.8472048E-15
  1.8361881E-15
  1.8251135E-15
  1.8140223E-15
  1.8028942E-15
  1.7917292E-15
  1.7805482E-15
  1.7693300E-15
  1.7580959E-15
  1.7468255E-15
  1.7355392E-15
  1.7242573E-15
  1.7129596E-15
  1.7016461E-15
  1.6903373E-15
  1.6790125E-15
  1.6676923E-15
  1.6563768E-15
  1.6450657E-15
  1.6337591E-15
  1.6224570E-15
  1.6111792E-15
  1.5999059E-15
  1.5886371E-15
  1.5774123E-15
  1.5661919E-15
  1.5549956E-15
  1.5438231E-15
  1.5326945E-15
  1.5215699E-15
  1.5105087E-15
  1.4994512E-15
  1.4884567E-15
  1.4774855E-15
  1.4665571E-15
  1.4556716E-15
  1.4448484E-15
  1.4340477E-15
  1.4233091E-15
  1.4126320E-15
  1.4019965E-15
  1.3914027E-15
  1.3808701E-15
  1.3703979E-15
  1.3599866E-15
  1.3496353E-15
  1.3393632E-15
  1.3291320E-15
  1.3189986E-15
  1.3089053E-15
  1.2989097E-15
  1.2889730E-15
  1.2791142E-15
  1.2693139E-15
  1.2596104E-15
  1.2499844E-15
  1.2404351E-15
  1.2309628E-15
  1.2215863E-15
  1.2122860E-15
  1.2030621E-15
  1.1939330E-15
  1.1848984E-15
  1.1759584E-15
  1.1670933E-15
  1.1583223E-15
  1.1496448E-15
  1.1410794E-15
  1.1325880E-15
  1.1242082E-15
  1.1159019E-15
  1.1077065E-15
  1.0996218E-15
  1.0916284E-15
  1.0837264E-15
  1.0759338E-15
  1.0682318E-15
  1.0606575E-15
  1.0531729E-15
  1.0457782E-15
  1.0385100E-15
  1.0313307E-15
  1.0242773E-15
  1.0173123E-15
  1.0104537E-15
  1.0037015E-15
  9.9707372E-16
  9.9053282E-16
  9.8409738E-16
  9.7778508E-16
  9.7155886E-16
  9.6545525E-16
  9.5945550E-16
  9.5355930E-16
  9.4778455E-16
  9.4209440E-16
  9.3652484E-16
  9.3105745E-16
  9.2571013E-16
  9.2044593E-16
  9.1530126E-16
  9.1027560E-16
  9.0533221E-16
  9.0050720E-16
  8.9578213E-16
  8.9115680E-16
  8.8663073E-16
  8.8222177E-16
  8.7791153E-16
  8.7369966E-16
  8.6960410E-16
  8.6558826E-16
  8.6168799E-16
  8.5788482E-16
  8.5417883E-16
  8.5056947E-16
  8.4705656E-16
  8.4363989E-16
  8.4033668E-16
  8.3711144E-16
  8.3398139E-16
  8.3094647E-16
  8.2800631E-16
  8.2516065E-16
  8.2240922E-16
  8.1973403E-16
  8.1715270E-16
  8.1466485E-16
  8.1225250E-16
  8.0993317E-16
  8.0770658E-16
  8.0555491E-16
  8.0347809E-16
  8.0149307E-16
  7.9958243E-16
  7.9774601E-16
  7.9598328E-16
  7.9431176E-16
  7.9271378E-16
  7.9117160E-16
  7.8971989E-16
  7.8834108E-16
  7.8701775E-16
  7.8576684E-16
  7.8458846E-16
  7.8348202E-16
  7.8243043E-16
  7.8145079E-16
  7.8052551E-16
  7.7965455E-16
  7.7885489E-16
  7.7809225E-16
  7.7740043E-16
  7.7676230E-16
  7.7617774E-16
  7.7564639E-16
  7.7516829E-16
  7.7474313E-16
  7.7435397E-16
  7.7401754E-16
  7.7371674E-16
  7.7346845E-16
  7.7325548E-16
  7.7307792E-16
  7.7295250E-16
  7.7284535E-16
  7.7278998E-16
  7.7276960E-16
  7.7276722E-16
  7.7281645E-16
  7.7288352E-16
  7.7296855E-16
  7.7310476E-16
  7.7324208E-16
  7.7341377E-16
  7.7361981E-16
  7.7382685E-16
  7.7406805E-16
  7.7432671E-16
  7.7460305E-16
  7.7488025E-16
  7.7519148E-16
  7.7550371E-16
  7.7583321E-16
  7.7618028E-16
  7.7651184E-16
  7.7687702E-16
  7.7724341E-16
  7.7759430E-16
  7.7797890E-16
  7.7834826E-16
  7.7871863E-16
  7.7909011E-16
  7.7946269E-16
  7.7983639E-16
  7.8019511E-16
  7.8055510E-16
  7.8091610E-16
  7.8126243E-16
  7.8159399E-16
  7.8192677E-16
  7.8224483E-16
  7.8254817E-16
  7.8285268E-16
  7.8312659E-16
  7.8340182E-16
  7.8364624E-16
  7.8387616E-16
  7.8409152E-16
  7.8429226E-16
  7.8447835E-16
  7.8463425E-16
  7.8475961E-16
  7.8487063E-16
  7.8496740E-16
  7.8503389E-16
  7.8507037E-16
  7.8509260E-16
  7.8508488E-16
  7.8504723E-16
  7.8497990E-16
  7.8488280E-16
  7.8475601E-16
  7.8459968E-16
  7.8441392E-16
  7.8419877E-16
  7.8395424E-16
  7.8368049E-16
  7.8336196E-16
  7.8301436E-16
  7.8263780E-16
  7.8221682E-16
  7.8176710E-16
  7.8127312E-16
  7.8075050E-16
  7.8018410E-16
  7.7958911E-16
  7.7896575E-16
  7.7828347E-16
  7.7758842E-16
  7.7683440E-16
  7.7605265E-16
  7.7522753E-16
  7.7437483E-16
  7.7346374E-16
  7.7252518E-16
  7.7154384E-16
  7.7051998E-16
  7.6946887E-16
  7.6836005E-16
  7.6722423E-16
  7.6604638E-16
  7.6482618E-16
  7.6356415E-16
  7.6227539E-16
  7.6092972E-16
  7.5954238E-16
  7.5812858E-16
  7.5667327E-16
  7.5516153E-16
  7.5362337E-16
  7.5204418E-16
  7.5042392E-16
  7.4876257E-16
  7.4706040E-16
  7.4533235E-16
  7.4354855E-16
  7.4173913E-16
  7.3988921E-16
  7.3799884E-16
  7.3608291E-16
  7.3411191E-16
  7.3211556E-16
  7.3007919E-16
  7.2801762E-16
  7.2590131E-16
  7.2377472E-16
  7.2159361E-16
  7.1938762E-16
  7.1714198E-16
  7.1485695E-16
  7.1254720E-16
  7.1021277E-16
  7.0783907E-16
  7.0542624E-16
  7.0298891E-16
  7.0052722E-16
  6.9802651E-16
  6.9550151E-16
  6.9295225E-16
  6.9036425E-16
  6.8775227E-16
  6.8511593E-16
  6.8245577E-16
  6.7975702E-16
  6.7704884E-16
  6.7430234E-16
  6.7153201E-16
  6.6873786E-16
  6.6593434E-16
  6.6309275E-16
  6.6024191E-16
  6.5735310E-16
  6.5445514E-16
  6.5154796E-16
  6.4860320E-16
  6.4564922E-16
  6.4268630E-16
  6.3970014E-16
  6.3669068E-16
  6.3367244E-16
  6.3064515E-16
  6.2759487E-16
  6.2453566E-16
  6.2146765E-16
  6.1837672E-16
  6.1529114E-16
  6.1218263E-16
  6.0906539E-16
  6.0595355E-16
  6.0281884E-16
  5.9968959E-16
  5.9653746E-16
  5.9339084E-16
  5.9023543E-16
  5.8708542E-16
  5.8392662E-16
  5.8075930E-16
  5.7759717E-16
  5.7442640E-16
  5.7126094E-16
  5.6810066E-16
  5.6494562E-16
  5.6178184E-16
  5.5862331E-16
  5.5546986E-16
  5.5232154E-16
  5.4916455E-16
  5.4602634E-16
  5.4289322E-16
  5.3976502E-16
  5.3664185E-16
  5.3353742E-16
  5.3043765E-16
  5.2734297E-16
  5.2425299E-16
  5.2118144E-16
  5.1811465E-16
  5.1506623E-16
  5.1202242E-16
  5.0901047E-16
  5.0598958E-16
  5.0300046E-16
  5.0001594E-16
  4.9704957E-16
  4.9410121E-16
  4.9115740E-16
  4.8824514E-16
  4.8533739E-16
  4.8246102E-16
  4.7960265E-16
  4.7674858E-16
  4.7392584E-16
  4.7112084E-16
  4.6834702E-16
  4.6557743E-16
  4.6283892E-16
  4.6013133E-16
  4.5742791E-16
  4.5475537E-16
  4.5211358E-16
  4.4948920E-16
  4.4689543E-16
  4.4431897E-16
  4.4177297E-16
  4.3924415E-16
  4.3674570E-16
  4.3427758E-16
  4.3183963E-16
  4.2941865E-16
  4.2702772E-16
  4.2466680E-16
  4.2233582E-16
  4.2003472E-16
  4.1775019E-16
  4.1549547E-16
  4.1328342E-16
  4.1108788E-16
  4.0892178E-16
  4.0679816E-16
  4.0469085E-16
  4.0261276E-16
  4.0057684E-16
  3.9855706E-16
  3.9657926E-16
  3.9463037E-16
  3.9271041E-16
  3.9081920E-16
  3.8895666E-16
  3.8712283E-16
  3.8533035E-16
  3.8355354E-16
  3.8181805E-16
  3.8011088E-16
  3.7843206E-16
  3.7679432E-16
  3.7517188E-16
  3.7359039E-16
  3.7203688E-16
  3.7051143E-16
  3.6902658E-16
  3.6756958E-16
  3.6614039E-16
  3.6473887E-16
  3.6336504E-16
  3.6203144E-16
  3.6072542E-16
  3.5944677E-16
  3.5819554E-16
  3.5697169E-16
  3.5578772E-16
  3.5463094E-16
  3.5348869E-16
  3.5239871E-16
  3.5132319E-16
  3.5027465E-16
  3.4926551E-16
  3.4827070E-16
  3.4731519E-16
  3.4638639E-16
  3.4548425E-16
  3.4460871E-16
  3.4375977E-16
  3.4293725E-16
  3.4214117E-16
  3.4135904E-16
  3.4061567E-16
  3.3989863E-16
  3.3920774E-16
  3.3854305E-16
  3.3789206E-16
  3.3727955E-16
  3.3668061E-16
  3.3610765E-16
  3.3556065E-16
  3.3502718E-16
  3.3453188E-16
  3.3403769E-16
  3.3358151E-16
  3.3313877E-16
  3.3272166E-16
  3.3233015E-16
  3.3195184E-16
  3.3158682E-16
  3.3124722E-16
  3.3093294E-16
  3.3061967E-16
  3.3034375E-16
  3.3006875E-16
  3.2981891E-16
  3.2959420E-16
  3.2937035E-16
  3.2917146E-16
  3.2898543E-16
  3.2881231E-16
  3.2866406E-16
  3.2851651E-16
  3.2839380E-16
  3.2827175E-16
  3.2817445E-16
  3.2807783E-16
  3.2799384E-16
  3.2793450E-16
  3.2787581E-16
  3.2782968E-16
  3.2779611E-16
  3.2776310E-16
  3.2774272E-16
  3.2773478E-16
  3.2772750E-16
  3.2773264E-16
  3.2775027E-16
  3.2776845E-16
  3.2779908E-16
  3.2783029E-16
  3.2786205E-16
  3.2790623E-16
  3.2795099E-16
  3.2800814E-16
  3.2805409E-16
  3.2811240E-16
  3.2817132E-16
  3.2823085E-16
  3.2830269E-16
  3.2836347E-16
  3.2842485E-16
  3.2849857E-16
  3.2856127E-16
  3.2862462E-16
  3.2868865E-16
  3.2875331E-16
  3.2881864E-16
  3.2888468E-16
  3.2893969E-16
  3.2899538E-16
  3.2904006E-16
  3.2909705E-16
  3.2914305E-16
  3.2917815E-16
  3.2921383E-16
  3.2925020E-16
  3.2926418E-16
  3.2929028E-16
  3.2930553E-16
  3.2930987E-16
  3.2930343E-16
  3.2929766E-16
  3.2928112E-16
  3.2926519E-16
  3.2923853E-16
  3.2920113E-16
  3.2915295E-16
  3.2909414E-16
  3.2902457E-16
  3.2895575E-16
  3.2887629E-16
  3.2877489E-16
  3.2867419E-16
  3.2856292E-16
  3.2842975E-16
  3.2829737E-16
  3.2814321E-16
  3.2798987E-16
  3.2781472E-16
  3.2762925E-16
  3.2744454E-16
  3.2722701E-16
  3.2701033E-16
  3.2678335E-16
  3.2653485E-16
  3.2627606E-16
  3.2599588E-16
  3.2571665E-16
  3.2541608E-16
  3.2510535E-16
  3.2477337E-16
  3.2443122E-16
  3.2407909E-16
  3.2370579E-16
  3.2332246E-16
  3.2292917E-16
  3.2251484E-16
  3.2209055E-16
  3.2164525E-16
  3.2119010E-16
  3.2072506E-16
  3.2023915E-16
  3.1973239E-16
  3.1921583E-16
  3.1868948E-16
  3.1814243E-16
  3.1758561E-16
  3.1700812E-16
  3.1641000E-16
  3.1581316E-16
  3.1518480E-16
  3.1454685E-16
  3.1389932E-16
  3.1323128E-16
  3.1255370E-16
  3.1185575E-16
  3.1114826E-16
  3.1042045E-16
  3.0968319E-16
  3.0892567E-16
  3.0815871E-16
  3.0738238E-16
  3.0657505E-16
  3.0576921E-16
  3.0494322E-16
  3.0409714E-16
  3.0325259E-16
  3.0237726E-16
  3.0150344E-16
  3.0060964E-16
  2.9969593E-16
  2.9877303E-16
  2.9784100E-16
  2.9688912E-16
  2.9593881E-16
  2.9495805E-16
  2.9397888E-16
  2.9297999E-16
  2.9197205E-16
  2.9094441E-16
  2.8990780E-16
  2.8886219E-16
  2.8780761E-16
  2.8674405E-16
  2.8566096E-16
  2.8456898E-16
  2.8346805E-16
  2.8235827E-16
  2.8122907E-16
  2.8010159E-16
  2.7895476E-16
  2.7779915E-16
  2.7664522E-16
  2.7547208E-16
  2.7429018E-16
  2.7309957E-16
  2.7190020E-16
  2.7070265E-16
  2.6948597E-16
  2.6826060E-16
  2.6703701E-16
  2.6579441E-16
  2.6455362E-16
  2.6330416E-16
  2.6204616E-16
  2.6077955E-16
  2.5951480E-16
  2.5824145E-16
  2.5695954E-16
  2.5567952E-16
  2.5438062E-16
  2.5309384E-16
  2.5178822E-16
  2.5048445E-16
  2.4918248E-16
  2.4787204E-16
  2.4656338E-16
  2.4524627E-16
  2.4392069E-16
  2.4259693E-16
  2.4127498E-16
  2.3994453E-16
  2.3861590E-16
  2.3728905E-16
  2.3596395E-16
  2.3463046E-16
  2.3329868E-16
  2.3195846E-16
  2.3063018E-16
  2.2929349E-16
  2.2795848E-16
  2.2663534E-16
  2.2530375E-16
  2.2397388E-16
  2.2264565E-16
  2.2131913E-16
  2.1999430E-16
  2.1867112E-16
  2.1734966E-16
  2.1602986E-16
  2.1471176E-16
  2.1340537E-16
  2.1209063E-16
  2.1078760E-16
  2.0948624E-16
  2.0818655E-16
  2.0689853E-16
  2.0560220E-16
  2.0431750E-16
  2.0304444E-16
  2.0176305E-16
  2.0049327E-16
  1.9923507E-16
  1.9797851E-16
  1.9672355E-16
  1.9548016E-16
  1.9423835E-16
  1.9300805E-16
  1.9177940E-16
  1.9056216E-16
  1.8935637E-16
  1.8815217E-16
  1.8695936E-16
  1.8576812E-16
  1.8458827E-16
  1.8341972E-16
  1.8225270E-16
  1.8109703E-16
  1.7995265E-16
  1.7880973E-16
  1.7768787E-16
  1.7656745E-16
  1.7545822E-16
  1.7436017E-16
  1.7326358E-16
  1.7218784E-16
  1.7111352E-16
  1.7005028E-16
  1.6899815E-16
  1.6795702E-16
  1.6692694E-16
  1.6590787E-16
  1.6489012E-16
  1.6389299E-16
  1.6290679E-16
  1.6192184E-16
  1.6095746E-16
  1.5999435E-16
  1.5905169E-16
  1.5811990E-16
  1.5718930E-16
  1.5627914E-16
  1.5537974E-16
  1.5449111E-16
  1.5361325E-16
  1.5274611E-16
  1.5188970E-16
  1.5104399E-16
  1.5020895E-16
  1.4938458E-16
  1.4858038E-16
  1.4777726E-16
  1.4699426E-16
  1.4622183E-16
  1.4545049E-16
  1.4469917E-16
  1.4396782E-16
  1.4323755E-16
  1.4251775E-16
  1.4181785E-16
  1.4111898E-16
  1.4043996E-16
  1.3977134E-16
  1.3911313E-16
  1.3846528E-16
  1.3782780E-16
  1.3720065E-16
  1.3659317E-16
  1.3598665E-16
  1.3539975E-16
  1.3482312E-16
  1.3425673E-16
  1.3370056E-16
  1.3315461E-16
  1.3261884E-16
  1.3210253E-16
  1.3158710E-16
  1.3109108E-16
  1.3059591E-16
  1.3012009E-16
  1.2965438E-16
  1.2919870E-16
  1.2875307E-16
  1.2831750E-16
  1.2788271E-16
  1.2746713E-16
  1.2706155E-16
  1.2666590E-16
  1.2628020E-16
  1.2590442E-16
  1.2553853E-16
  1.2518251E-16
  1.2483636E-16
  1.2450005E-16
  1.2417356E-16
  1.2385688E-16
  1.2354084E-16
  1.2324372E-16
  1.2294722E-16
  1.2266046E-16
  1.2239252E-16
  1.2212518E-16
  1.2185846E-16
  1.2161048E-16
  1.2137215E-16
  1.2113439E-16
  1.2090626E-16
  1.2068774E-16
  1.2046980E-16
  1.2027043E-16
  1.2007163E-16
  1.1987337E-16
  1.1969364E-16
  1.1951446E-16
  1.1934476E-16
  1.1917560E-16
  1.1901592E-16
  1.1886572E-16
  1.1871601E-16
  1.1857576E-16
  1.1843601E-16
  1.1831459E-16
  1.1818477E-16
  1.1806434E-16
  1.1795328E-16
  1.1784273E-16
  1.1773266E-16
  1.1763195E-16
  1.1754058E-16
  1.1744084E-16
  1.1735929E-16
  1.1726934E-16
  1.1718873E-16
  1.1711743E-16
  1.1703777E-16
  1.1696739E-16
  1.1690627E-16
  1.1683680E-16
  1.1677658E-16
  1.1671681E-16
  1.1665745E-16
  1.1660729E-16
  1.1655754E-16
  1.1650820E-16
  1.1645926E-16
  1.1641074E-16
  1.1636262E-16
  1.1632359E-16
  1.1628496E-16
  1.1623800E-16
  1.1620014E-16
  1.1616261E-16
  1.1612549E-16
  1.1608871E-16
  1.1605230E-16
  1.1601625E-16
  1.1597191E-16
  1.1593659E-16
  1.1590160E-16
  1.1586696E-16
  1.1583268E-16
  1.1579012E-16
  1.1575652E-16
  1.1571467E-16
  1.1567315E-16
  1.1563199E-16
  1.1559117E-16
  1.1555070E-16
  1.1550200E-16
  1.1546220E-16
  1.1541418E-16
  1.1536651E-16
  1.1531066E-16
  1.1525515E-16
  1.1520852E-16
  1.1514520E-16
  1.1509073E-16
  1.1502813E-16
  1.1496588E-16
  1.1490396E-16
  1.1483394E-16
  1.1476427E-16
  1.1468649E-16
  1.1460909E-16
  1.1453205E-16
  1.1444694E-16
  1.1436219E-16
  1.1427781E-16
  1.1418535E-16
  1.1409327E-16
  1.1399314E-16
  1.1389337E-16
  1.1378555E-16
  1.1367811E-16
  1.1357102E-16
  1.1345591E-16
  1.1333280E-16
  1.1321004E-16
  1.1308766E-16
  1.1295730E-16
  1.1282726E-16
  1.1268928E-16
  1.1254332E-16
  1.1239774E-16
  1.1225251E-16
  1.1209934E-16
  1.1193824E-16
  1.1177750E-16
  1.1160885E-16
  1.1144056E-16
  1.1126438E-16
  1.1108856E-16
  1.1090486E-16
  1.1072153E-16
  1.1053032E-16
  1.1033947E-16
  1.1013256E-16
  1.0993424E-16
  1.0972808E-16
  1.0951408E-16
  1.0930048E-16
  1.0907904E-16
  1.0885800E-16
  1.0862914E-16
  1.0839251E-16
  1.0815625E-16
  1.0792038E-16
  1.0766860E-16
  1.0742534E-16
  1.0717433E-16
  1.0691556E-16
  1.0664908E-16
  1.0639108E-16
  1.0611726E-16
  1.0584383E-16
  1.0557079E-16
  1.0529007E-16
  1.0500165E-16
  1.0471364E-16
  1.0442601E-16
  1.0413072E-16
  1.0382779E-16
  1.0352526E-16
  1.0322313E-16
  1.0291338E-16
  1.0259599E-16
  1.0227903E-16
  1.0195447E-16
  1.0163033E-16
  1.0130660E-16
  1.0097527E-16
  1.0064438E-16
  1.0030592E-16
  9.9967867E-17
  9.9622271E-17
  9.9277099E-17
  9.8924396E-17
  9.8572116E-17
  9.8220246E-17
  9.7860866E-17
  9.7501910E-17
  9.7143376E-17
  9.6777346E-17
  9.6411739E-17
  9.6038640E-17
  9.5673860E-17
  9.5293721E-17
  9.4921887E-17
  9.4542595E-17
  9.4163720E-17
  9.3785248E-17
  9.3399339E-17
  9.3013853E-17
  9.2628770E-17
  9.2236257E-17
  9.1851988E-17
  9.1460295E-17
  9.1069012E-17
  9.0670318E-17
  9.0279835E-17
  8.9881942E-17
  8.9484452E-17
  8.9087359E-17
  8.8682867E-17
  8.8286555E-17
  8.7882851E-17
  8.7487313E-17
  8.7084404E-17
  8.6681898E-17
  8.6279775E-17
  8.5878070E-17
  8.5469026E-17
  8.5068121E-17
  8.4667613E-17
  8.4259800E-17
  8.3860087E-17
  8.3453094E-17
  8.3054194E-17
  8.2648029E-17
  8.2242254E-17
  8.1844572E-17
  8.1439630E-17
  8.1042756E-17
  8.0638635E-17
  8.0242568E-17
  7.9846911E-17
  7.9444027E-17
  7.9049171E-17
  7.8654725E-17
  7.8260683E-17
  7.7867051E-17
  7.7473816E-17
  7.7080984E-17
  7.6696147E-17
  7.6304123E-17
  7.5920073E-17
  7.5536420E-17
  7.5153157E-17
  7.4773322E-17
  7.4394626E-17
  7.4017074E-17
  7.3642163E-17
  7.3268390E-17
  7.2897263E-17
  7.2528778E-17
  7.2161410E-17
  7.1796670E-17
  7.1434557E-17
  7.1074316E-17
  7.0716676E-17
  7.0361657E-17
  7.0008497E-17
  6.9658666E-17
  6.9310694E-17
  6.8966058E-17
  6.8623254E-17
  6.8283793E-17
  6.7946912E-17
  6.7613353E-17
  6.7281607E-17
  6.6953203E-17
  6.6628101E-17
  6.6305574E-17
  6.5986355E-17
  6.5670425E-17
  6.5357069E-17
  6.5047002E-17
  6.4740230E-17
  6.4436007E-17
  6.4135800E-17
  6.3838140E-17
  6.3543763E-17
  6.3253383E-17
  6.2965544E-17
  6.2680967E-17
  6.2400388E-17
  6.2123057E-17
  6.1848255E-17
  6.1577429E-17
  6.1310574E-17
  6.1046240E-17
  6.0785864E-17
  6.0528730E-17
  6.0274812E-17
  6.0024844E-17
  5.9778100E-17
  5.9535299E-17
  5.9295708E-17
  5.9059319E-17
  5.8826134E-17
  5.8596879E-17
  5.8371529E-17
  5.8149381E-17
  5.7930410E-17
  5.7715343E-17
  5.7503452E-17
  5.7294725E-17
  5.7089895E-17
  5.6888950E-17
  5.6691161E-17
  5.6496528E-17
  5.6305039E-17
  5.6117415E-17
  5.5933662E-17
  5.5752317E-17
  5.5574831E-17
  5.5401186E-17
  5.5229953E-17
  5.5062548E-17
  5.4898253E-17
  5.4737076E-17
  5.4578998E-17
  5.4424739E-17
  5.4273570E-17
  5.4124790E-17
  5.3979798E-17
  5.3837894E-17
  5.3699063E-17
  5.3563310E-17
  5.3429922E-17
  5.3300296E-17
  5.3173033E-17
  5.3048820E-17
  5.2927668E-17
  5.2809563E-17
  5.2693794E-17
  5.2581069E-17
  5.2471382E-17
  5.2364020E-17
  5.2259696E-17
  5.2157685E-17
  5.2058003E-17
  5.1961332E-17
  5.1866987E-17
  5.1774945E-17
  5.1685216E-17
  5.1597786E-17
  5.1513358E-17
  5.1430544E-17
  5.1350717E-17
  5.1272489E-17
  5.1196561E-17
  5.1122224E-17
  5.1050864E-17
  5.0981110E-17
  5.0912934E-17
  5.0847044E-17
  5.0783434E-17
  5.0720717E-17
  5.0660283E-17
  5.0602119E-17
  5.0544842E-17
  5.0489143E-17
  5.0435727E-17
  5.0383197E-17
  5.0332230E-17
  5.0282847E-17
  5.0235026E-17
  5.0188085E-17
  5.0142703E-17
  5.0098187E-17
  5.0055233E-17
  5.0013136E-17
  4.9972591E-17
  4.9932910E-17
  4.9894085E-17
  4.9856108E-17
  4.9818994E-17
  4.9782727E-17
  4.9747307E-17
  4.9712734E-17
  4.9678327E-17
  4.9644760E-17
  4.9612033E-17
  4.9579472E-17
  4.9547738E-17
  4.9516170E-17
  4.9485435E-17
  4.9454174E-17
  4.9423741E-17
  4.9393469E-17
  4.9363350E-17
  4.9333383E-17
  4.9303564E-17
  4.9273905E-17
  4.9244385E-17
  4.9214348E-17
  4.9184464E-17
  4.9154056E-17
  4.9123788E-17
  4.9093682E-17
  4.9063057E-17
  4.9031902E-17
  4.9000899E-17
  4.8969377E-17
  4.8937338E-17
  4.8904784E-17
  4.8871707E-17
  4.8838116E-17
  4.8804013E-17
  4.8769391E-17
  4.8734262E-17
  4.8697946E-17
  4.8661130E-17
  4.8623797E-17
  4.8585290E-17
  4.8546281E-17
  4.8506089E-17
  4.8465389E-17
  4.8423514E-17
  4.8380464E-17
  4.8336905E-17
  4.8292164E-17
  4.8246256E-17
  4.8199169E-17
  4.8150915E-17
  4.8101486E-17
  4.8051541E-17
  4.7999762E-17
  4.7946819E-17
  4.7892705E-17
  4.7837417E-17
  4.7780953E-17
  4.7723328E-17
  4.7663877E-17
  4.7603258E-17
  4.7541474E-17
  4.7478523E-17
  4.7413751E-17
  4.7347812E-17
  4.7280059E-17
  4.7211145E-17
  4.7141066E-17
  4.7069171E-17
  4.6996121E-17
  4.6921258E-17
  4.6845237E-17
  4.6767405E-17
  4.6687771E-17
  4.6606982E-17
  4.6525038E-17
  4.6441291E-17
  4.6355744E-17
  4.6269046E-17
  4.6180551E-17
  4.6090259E-17
  4.5998174E-17
  4.5904944E-17
  4.5809924E-17
  4.5713753E-17
  4.5615798E-17
  4.5516057E-17
  4.5415174E-17
  4.5312507E-17
  4.5208058E-17
  4.5102470E-17
  4.4995105E-17
  4.4886599E-17
  4.4776325E-17
  4.4664276E-17
  4.4550459E-17
  4.4435507E-17
  4.4318789E-17
  4.4200945E-17
  4.4080703E-17
  4.3959964E-17
  4.3837469E-17
  4.3713216E-17
  4.3587842E-17
  4.3460711E-17
  4.3331833E-17
  4.3202459E-17
  4.3070712E-17
  4.2937847E-17
  4.2803867E-17
  4.2668137E-17
  4.2531301E-17
  4.2393354E-17
  4.2253663E-17
  4.2112857E-17
  4.1970949E-17
  4.1827304E-17
  4.1683183E-17
  4.1537321E-17
  4.1390361E-17
  4.1242292E-17
  4.1093119E-17
  4.0942843E-17
  4.0791462E-17
  4.0639615E-17
  4.0486028E-17
  4.0331348E-17
  4.0175567E-17
  4.0019306E-17
  3.9861950E-17
  3.9703498E-17
  3.9544564E-17
  3.9384534E-17
  3.9223409E-17
  3.9061186E-17
  3.8899101E-17
  3.8735303E-17
  3.8571028E-17
  3.8406280E-17
  3.8240431E-17
  3.8074101E-17
  3.7907305E-17
  3.7740033E-17
  3.7571665E-17
  3.7402831E-17
  3.7234139E-17
  3.7064372E-17
  3.6894125E-17
  3.6723418E-17
  3.6552244E-17
  3.6381213E-17
  3.6209113E-17
  3.6037159E-17
  3.5864741E-17
  3.5692473E-17
  3.5519136E-17
  3.5345944E-17
  3.5172907E-17
  3.4999408E-17
  3.4826061E-17
  3.4652257E-17
  3.4478605E-17
  3.4304494E-17
  3.4131143E-17
  3.3957336E-17
  3.3783674E-17
  3.3610171E-17
  3.3436212E-17
  3.3263007E-17
  3.3089951E-17
  3.2917047E-17
  3.2744289E-17
  3.2571676E-17
  3.2399222E-17
  3.2227516E-17
  3.2055952E-17
  3.1884540E-17
  3.1713271E-17
  3.1543351E-17
  3.1372972E-17
  3.1203943E-17
  3.1035052E-17
  3.0866311E-17
  3.0698307E-17
  3.0531038E-17
  3.0364517E-17
  3.0198124E-17
  3.0033072E-17
  2.9868155E-17
  2.9703970E-17
  2.9540519E-17
  2.9377799E-17
  2.9215811E-17
  2.9055149E-17
  2.8894623E-17
  2.8735424E-17
  2.8576364E-17
  2.8418630E-17
  2.8261622E-17
  2.8105940E-17
  2.7950397E-17
  2.7796766E-17
  2.7643269E-17
  2.7491098E-17
  2.7339649E-17
  2.7189523E-17
  2.7040711E-17
  2.6892626E-17
  2.6745267E-17
  2.6599811E-17
  2.6454488E-17
  2.6311070E-17
  2.6168373E-17
  2.6026983E-17
  2.5886903E-17
  2.5747543E-17
  2.5610074E-17
  2.5473328E-17
  2.5337884E-17
  2.5203156E-17
  2.5070316E-17
  2.4938774E-17
  2.4807946E-17
  2.4679001E-17
  2.4550769E-17
  2.4423831E-17
  2.4298765E-17
  2.4174418E-17
  2.4051357E-17
  2.3930161E-17
  2.3809681E-17
  2.3691062E-17
  2.3573731E-17
  2.3457103E-17
  2.3342340E-17
  2.3228853E-17
  2.3116651E-17
  2.3005723E-17
  2.2896649E-17
  2.2788277E-17
  2.2681752E-17
  2.2576502E-17
  2.2472520E-17
  2.2369811E-17
  2.2268372E-17
  2.2168771E-17
  2.2069862E-17
  2.1972792E-17
  2.1876985E-17
  2.1782440E-17
  2.1689728E-17
  2.1597702E-17
  2.1507503E-17
  2.1418565E-17
  2.1330875E-17
  2.1244440E-17
  2.1159264E-17
  2.1075334E-17
  2.0993220E-17
  2.0911789E-17
  2.0832171E-17
  2.0753801E-17
  2.0676673E-17
  2.0600789E-17
  2.0526146E-17
  2.0452742E-17
  2.0380581E-17
  2.0309656E-17
  2.0239970E-17
  2.0171517E-17
  2.0104863E-17
  2.0038879E-17
  1.9974127E-17
  1.9910606E-17
  1.9848318E-17
  1.9786693E-17
  1.9726860E-17
  1.9668251E-17
  1.9610308E-17
  1.9553592E-17
  1.9498096E-17
  1.9443823E-17
  1.9390773E-17
  1.9338384E-17
  1.9287215E-17
  1.9237265E-17
  1.9187973E-17
  1.9139901E-17
  1.9093042E-17
  1.9046844E-17
  1.9001859E-17
  1.8957529E-17
  1.8914408E-17
  1.8871940E-17
  1.8830681E-17
  1.8790620E-17
  1.8750658E-17
  1.8711897E-17
  1.8674334E-17
  1.8637413E-17
  1.8601140E-17
  1.8565506E-17
  1.8531066E-17
  1.8497264E-17
  1.8464102E-17
  1.8431576E-17
  1.8399690E-17
  1.8368983E-17
  1.8338364E-17
  1.8308928E-17
  1.8280121E-17
  1.8251396E-17
  1.8223853E-17
  1.8196936E-17
  1.8170099E-17
  1.8143891E-17
  1.8118309E-17
  1.8093355E-17
  1.8069021E-17
  1.8045309E-17
  1.8021678E-17
  1.7998669E-17
  1.7975740E-17
  1.7953429E-17
  1.7931739E-17
  1.7910125E-17
  1.7889129E-17
  1.7868751E-17
  1.7848448E-17
  1.7828220E-17
  1.7808611E-17
  1.7789073E-17
  1.7769615E-17
  1.7750770E-17
  1.7731996E-17
  1.7713836E-17
  1.7695215E-17
  1.7677205E-17
  1.7659270E-17
  1.7641410E-17
  1.7624160E-17
  1.7606445E-17
  1.7588806E-17
  1.7571770E-17
  1.7554802E-17
  1.7537372E-17
  1.7520544E-17
  1.7503248E-17
  1.7486017E-17
  1.7469388E-17
  1.7452290E-17
  1.7435258E-17
  1.7417759E-17
  1.7400853E-17
  1.7383480E-17
  1.7366167E-17
  1.7348916E-17
  1.7331194E-17
  1.7313534E-17
  1.7295931E-17
  1.7277859E-17
  1.7259846E-17
  1.7241890E-17
  1.7223464E-17
  1.7204568E-17
  1.7186254E-17
  1.7166944E-17
  1.7147687E-17
  1.7128485E-17
  1.7108813E-17
  1.7088670E-17
  1.7068579E-17
  1.7048541E-17
  1.7027510E-17
  1.7006531E-17
  1.6985603E-17
  1.6963679E-17
  1.6941810E-17
  1.6919989E-17
  1.6897177E-17
  1.6874413E-17
  1.6851183E-17
  1.6827477E-17
  1.6803822E-17
  1.6779696E-17
  1.6755099E-17
  1.6730034E-17
  1.6704496E-17
  1.6679007E-17
  1.6653050E-17
  1.6626621E-17
  1.6599722E-17
  1.6572352E-17
  1.6544512E-17
  1.6516719E-17
  1.6487938E-17
  1.6459207E-17
  1.6430004E-17
  1.6400331E-17
  1.6370191E-17
  1.6339577E-17
  1.6308494E-17
  1.6277459E-17
  1.6245437E-17
  1.6213460E-17
  1.6180500E-17
  1.6147585E-17
  1.6114200E-17
  1.6080345E-17
  1.6045512E-17
  1.6010719E-17
  1.5975458E-17
  1.5939729E-17
  1.5904041E-17
  1.5867374E-17
  1.5830240E-17
  1.5793146E-17
  1.5755074E-17
  1.5717042E-17
  1.5678543E-17
  1.5639575E-17
  1.5600140E-17
  1.5560237E-17
  1.5519867E-17
  1.5479532E-17
  1.5438226E-17
  1.5396958E-17
  1.5355223E-17
  1.5313017E-17
  1.5270345E-17
  1.5227712E-17
  1.5184103E-17
  1.5140534E-17
  1.5096498E-17
  1.5051991E-17
  1.5007520E-17
  1.4962584E-17
  1.4917180E-17
  1.4871306E-17
  1.4824966E-17
  1.4778659E-17
  1.4731885E-17
  1.4685148E-17
  1.4637944E-17
  1.4590275E-17
  1.4542140E-17
  1.4494042E-17
  1.4445480E-17
  1.4396455E-17
  1.4347468E-17
  1.4298515E-17
  1.4249099E-17
  1.4199224E-17
  1.4149384E-17
  1.4099083E-17
  1.4048819E-17
  1.3998096E-17
  1.3947408E-17
  1.3896262E-17
  1.3845151E-17
  1.3793585E-17
  1.3742055E-17
  1.3690560E-17
  1.3638608E-17
  1.3586692E-17
  1.3534323E-17
  1.3482479E-17
  1.3429688E-17
  1.3377425E-17
  1.3324708E-17
  1.3272028E-17
  1.3219383E-17
  1.3166773E-17
  1.3113708E-17
  1.3060680E-17
  1.3007687E-17
  1.2954732E-17
  1.2901811E-17
  1.2848435E-17
  1.2795585E-17
  1.2742280E-17
  1.2689497E-17
  1.2636262E-17
  1.2583060E-17
  1.2529893E-17
  1.2477247E-17
  1.2424148E-17
  1.2371081E-17
  1.2318533E-17
  1.2265533E-17
  1.2213051E-17
  1.2160117E-17
  1.2107702E-17
  1.2055319E-17
  1.2002972E-17
  1.1950659E-17
  1.1898862E-17
  1.1846618E-17
  1.1794892E-17
  1.1743200E-17
  1.1692027E-17
  1.1640405E-17
  1.1589302E-17
  1.1538233E-17
  1.1487681E-17
  1.1436685E-17
  1.1386685E-17
  1.1336241E-17
  1.1286312E-17
  1.1236422E-17
  1.1187045E-17
  1.1137706E-17
  1.1088402E-17
  1.1039614E-17
  1.0991339E-17
  1.0943102E-17
  1.0894901E-17
  1.0847213E-17
  1.0799563E-17
  1.0752425E-17
  1.0705323E-17
  1.0658733E-17
  1.0612657E-17
  1.0566617E-17
  1.0520612E-17
  1.0475593E-17
  1.0430137E-17
  1.0385665E-17
  1.0341228E-17
  1.0296829E-17
  1.0253411E-17
  1.0210030E-17
  1.0166684E-17
  1.0123847E-17
  1.0081518E-17
  1.0039695E-17
  9.9979079E-18
  9.9566274E-18
  9.9153826E-18
  9.8751146E-18
  9.8348805E-18
  9.7946804E-18
  9.7554588E-18
  9.7162703E-18
  9.6775863E-18
  9.6394070E-18
  9.6012624E-18
  9.5636232E-18
  9.5264861E-18
  9.4898536E-18
  9.4532566E-18
  9.4171618E-18
  9.3815723E-18
  9.3464817E-18
  9.3114282E-18
  9.2773442E-18
  9.2432942E-18
  9.2097454E-18
  9.1762322E-18
  9.1432219E-18
  9.1111752E-18
  9.0787018E-18
  9.0471912E-18
  9.0161802E-18
  8.9852072E-18
  8.9547314E-18
  8.9247544E-18
  8.8948171E-18
  8.8653744E-18
  8.8364330E-18
  8.8079879E-18
  8.7800424E-18
  8.7521317E-18
  8.7247189E-18
  8.6978041E-18
  8.6713840E-18
  8.6450035E-18
  8.6191169E-18
  8.5937274E-18
  8.5688334E-18
  8.5439775E-18
  8.5196154E-18
  8.4957496E-18
  8.4723776E-18
  8.4490436E-18
  8.4262035E-18
  8.4034015E-18
  8.3815507E-18
  8.3597363E-18
  8.3379599E-18
  8.3166765E-18
  8.2958862E-18
  8.2755880E-18
  8.2553262E-18
  8.2355549E-18
  8.2162742E-18
  8.1970290E-18
  8.1778194E-18
  8.1595519E-18
  8.1413192E-18
  8.1231221E-18
  8.1054113E-18
  8.0881869E-18
  8.0709973E-18
  8.0542940E-18
  8.0376230E-18
  8.0214376E-18
  8.0057360E-18
  7.9896159E-18
  7.9744306E-18
  7.9592766E-18
  7.9441566E-18
  7.9295171E-18
  7.9149100E-18
  7.9007850E-18
  7.8866907E-18
  7.8726286E-18
  7.8590471E-18
  7.8459421E-18
  7.8324235E-18
  7.8198305E-18
  7.8068206E-18
  7.7942880E-18
  7.7817876E-18
  7.7697637E-18
  7.7577696E-18
  7.7458069E-18
  7.7338740E-18
  7.7224176E-18
  7.7109917E-18
  7.6995965E-18
  7.6886744E-18
  7.6773395E-18
  7.6664795E-18
  7.6560918E-18
  7.6452921E-18
  7.6349647E-18
  7.6242254E-18
  7.6139585E-18
  7.6041638E-18
  7.5939564E-18
  7.5837796E-18
  7.5740718E-18
  7.5639538E-18
  7.5543047E-18
  7.5446829E-18
  7.5350901E-18
  7.5250854E-18
  7.5155480E-18
  7.5060371E-18
  7.4965526E-18
  7.4870979E-18
  7.4776672E-18
  7.4682630E-18
  7.4588853E-18
  7.4495332E-18
  7.4402075E-18
  7.4309059E-18
  7.4216307E-18
  7.4123795E-18
  7.4027181E-18
  7.3935165E-18
  7.3839038E-18
  7.3743152E-18
  7.3651864E-18
  7.3556465E-18
  7.3461298E-18
  7.3362036E-18
  7.3267341E-18
  7.3168542E-18
  7.3074310E-18
  7.2975983E-18
  7.2877871E-18
  7.2775673E-18
  7.2678024E-18
  7.2576273E-18
  7.2474753E-18
  7.2373456E-18
  7.2268074E-18
  7.2167224E-18
  7.2057970E-18
  7.1953249E-18
  7.1848743E-18
  7.1740142E-18
  7.1631773E-18
  7.1519326E-18
  7.1407094E-18
  7.1295086E-18
  7.1183284E-18
  7.1067413E-18
  7.0951756E-18
  7.0836298E-18
  7.0716787E-18
  7.0597475E-18
  7.0478369E-18
  7.0355202E-18
  7.0232225E-18
  7.0105195E-18
  6.9978355E-18
  6.9851714E-18
  6.9725262E-18
  6.9594750E-18
  6.9460176E-18
  6.9325792E-18
  6.9191603E-18
  6.9053348E-18
  6.8915283E-18
  6.8777400E-18
  6.8635460E-18
  6.8493694E-18
  6.8347887E-18
  6.8202245E-18
  6.8056785E-18
  6.7907272E-18
  6.7757929E-18
  6.7604541E-18
  6.7451314E-18
  6.7294050E-18
  6.7136944E-18
  6.6975817E-18
  6.6819046E-18
  6.6654024E-18
  6.6493373E-18
  6.6324479E-18
  6.6159940E-18
  6.5991369E-18
  6.5818761E-18
  6.5650496E-18
  6.5478186E-18
  6.5301856E-18
  6.5125667E-18
  6.4945457E-18
  6.4769561E-18
  6.4585468E-18
  6.4405685E-18
  6.4221885E-18
  6.4034053E-18
  6.3846362E-18
  6.3658803E-18
  6.3471388E-18
  6.3279950E-18
  6.3084491E-18
  6.2893325E-18
  6.2694004E-18
  6.2498959E-18
  6.2299910E-18
  6.2100998E-18
  6.1898082E-18
  6.1695307E-18
  6.1492673E-18
  6.1286043E-18
  6.1079554E-18
  6.0873197E-18
  6.0662866E-18
  6.0452663E-18
  6.0242600E-18
  6.0032687E-18
  5.9818778E-18
  5.9600907E-18
  5.9387275E-18
  5.9169689E-18
  5.8952223E-18
  5.8734907E-18
  5.8513619E-18
  5.8292472E-18
  5.8071462E-18
  5.7850593E-18
  5.7625761E-18
  5.7401070E-18
  5.7176511E-18
  5.6952084E-18
  5.6723716E-18
  5.6495480E-18
  5.6267377E-18
  5.6039398E-18
  5.5811563E-18
  5.5579783E-18
  5.5348140E-18
  5.5116624E-18
  5.4885233E-18
  5.4653970E-18
  5.4422839E-18
  5.4187775E-18
  5.3956892E-18
  5.3722084E-18
  5.3487393E-18
  5.3252829E-18
  5.3018381E-18
  5.2784058E-18
  5.2549858E-18
  5.2315770E-18
  5.2077769E-18
  5.1843934E-18
  5.1606185E-18
  5.1372590E-18
  5.1139122E-18
  5.0901758E-18
  5.0664527E-18
  5.0431440E-18
  5.0194473E-18
  4.9961655E-18
  4.9724957E-18
  4.9492404E-18
  4.9255975E-18
  4.9023682E-18
  4.8787539E-18
  4.8555527E-18
  4.8323652E-18
  4.8087922E-18
  4.7856328E-18
  4.7624874E-18
  4.7393565E-18
  4.7162393E-18
  4.6935349E-18
  4.6704466E-18
  4.6473737E-18
  4.6247110E-18
  4.6020640E-18
  4.5790341E-18
  4.5564160E-18
  4.5342091E-18
  4.5116197E-18
  4.4890459E-18
  4.4668816E-18
  4.4447334E-18
  4.4225989E-18
  4.4004793E-18
  4.3783745E-18
  4.3566800E-18
  4.3349992E-18
  4.3133337E-18
  4.2916827E-18
  4.2704403E-18
  4.2488194E-18
  4.2276068E-18
  4.2064082E-18
  4.1856183E-18
  4.1648420E-18
  4.1440806E-18
  4.1233341E-18
  4.1026028E-18
  4.0822778E-18
  4.0619680E-18
  4.0420636E-18
  4.0217840E-18
  4.0019097E-18
  3.9824416E-18
  3.9625976E-18
  3.9431601E-18
  3.9241266E-18
  3.9047582E-18
  3.8857165E-18
  3.8668071E-18
  3.8480297E-18
  3.8294231E-18
  3.8109886E-18
  3.7926459E-18
  3.7745136E-18
  3.7564745E-18
  3.7386057E-18
  3.7209074E-18
  3.7033418E-18
  3.6859466E-18
  3.6687210E-18
  3.6516277E-18
  3.6346659E-18
  3.6179131E-18
  3.6012925E-18
  3.5848411E-18
  3.5685213E-18
  3.5523722E-18
  3.5363919E-18
  3.5205828E-18
  3.5049425E-18
  3.4894341E-18
  3.4741333E-18
  3.4589641E-18
  3.4439638E-18
  3.4290950E-18
  3.4144339E-18
  3.3999034E-18
  3.3855423E-18
  3.3713504E-18
  3.3573276E-18
  3.3434738E-18
  3.3297506E-18
  3.3162345E-18
  3.3028484E-18
  3.2896315E-18
  3.2765832E-18
  3.2636649E-18
  3.2509540E-18
  3.2383720E-18
  3.2259591E-18
  3.2137135E-18
  3.2015976E-18
  3.1896494E-18
  3.1778687E-18
  3.1662551E-18
  3.1547713E-18
  3.1434547E-18
  3.1322664E-18
  3.1212835E-18
  3.1103912E-18
  3.0997036E-18
  3.0891447E-18
  3.0787137E-18
  3.0684494E-18
  3.0583510E-18
  3.0483808E-18
  3.0385386E-18
  3.0288250E-18
  3.0192762E-18
  3.0098931E-18
  3.0005999E-18
  2.9914728E-18
  2.9824725E-18
  2.9736374E-18
  2.9648918E-18
  2.9563112E-18
  2.9478202E-18
  2.9394943E-18
  2.9312948E-18
  2.9231847E-18
  2.9152393E-18
  2.9073831E-18
  2.8996909E-18
  2.8920883E-18
  2.8845750E-18
  2.8772249E-18
  2.8699646E-18
  2.8628303E-18
  2.8557848E-18
  2.8488663E-18
  2.8420360E-18
  2.8353322E-18
  2.8287172E-18
  2.8222290E-18
  2.8158285E-18
  2.8095173E-18
  2.8033318E-18
  2.7971977E-18
  2.7911886E-18
  2.7852681E-18
  2.7794348E-18
  2.7736898E-18
  2.7679951E-18
  2.7624247E-18
  2.7569051E-18
  2.7515088E-18
  2.7461627E-18
  2.7408667E-18
  2.7356939E-18
  2.7305708E-18
  2.7254970E-18
  2.7205096E-18
  2.7155711E-18
  2.7107186E-18
  2.7059148E-18
  2.7011602E-18
  2.6964907E-18
  2.6918699E-18
  2.6872974E-18
  2.6827736E-18
  2.6782977E-18
  2.6738702E-18
  2.6694907E-18
  2.6651590E-18
  2.6608750E-18
  2.6566388E-18
  2.6524140E-18
  2.6482365E-18
  2.6441066E-18
  2.6399877E-18
  2.6359161E-18
  2.6318910E-18
  2.6278771E-18
  2.6238740E-18
  2.6199176E-18
  2.6159717E-18
  2.6120728E-18
  2.6081478E-18
  2.6042698E-18
  2.6004019E-18
  2.5965443E-18
  2.5927333E-18
  2.5888960E-18
  2.5850691E-18
  2.5812880E-18
  2.5774809E-18
  2.5736842E-18
  2.5698971E-18
  2.5660836E-18
  2.5623156E-18
  2.5585209E-18
  2.5547355E-18
  2.5509595E-18
  2.5471567E-18
  2.5433626E-18
  2.5395417E-18
  2.5357294E-18
  2.5318898E-18
  2.5280590E-18
  2.5242004E-18
  2.5203145E-18
  2.5164369E-18
  2.5125313E-18
  2.5086341E-18
  2.5047087E-18
  2.5007556E-18
  2.4967744E-18
  2.4927654E-18
  2.4887635E-18
  2.4846979E-18
  2.4806398E-18
  2.4765535E-18
  2.4724383E-18
  2.4682945E-18
  2.4641224E-18
  2.4598867E-18
  2.4556571E-18
  2.4513990E-18
  2.4471119E-18
  2.4427607E-18
  2.4384157E-18
  2.4340062E-18
  2.4296034E-18
  2.4251360E-18
  2.4206390E-18
  2.4161133E-18
  2.4115224E-18
  2.4069376E-18
  2.4022882E-18
  2.3976095E-18
  2.3929005E-18
  2.3881625E-18
  2.3833592E-18
  2.3785266E-18
  2.3736643E-18
  2.3687719E-18
  2.3638142E-18
  2.3588271E-18
  2.3538098E-18
  2.3487277E-18
  2.3436153E-18
  2.3384731E-18
  2.3333007E-18
  2.3280636E-18
  2.3227962E-18
  2.3174987E-18
  2.3121712E-18
  2.3067786E-18
  2.3013556E-18
  2.2958681E-18
  2.2903852E-18
  2.2848368E-18
  2.2792581E-18
  2.2736145E-18
  2.2679754E-18
  2.2622714E-18
  2.2565367E-18
  2.2507369E-18
  2.2449415E-18
  2.2390811E-18
  2.2331900E-18
  2.2272684E-18
  2.2213164E-18
  2.2152991E-18
  2.2092861E-18
  2.2032078E-18
  2.1970988E-18
  2.1909589E-18
  2.1847885E-18
  2.1785874E-18
  2.1723554E-18
  2.1660585E-18
  2.1597649E-18
  2.1534400E-18
  2.1470507E-18
  2.1406642E-18
  2.1342470E-18
  2.1277989E-18
  2.1213194E-18
  2.1148092E-18
  2.1082677E-18
  2.1016949E-18
  2.0951254E-18
  2.0885245E-18
  2.0818585E-18
  2.0752291E-18
  2.0685341E-18
  2.0618426E-18
  2.0551195E-18
  2.0483655E-18
  2.0416145E-18
  2.0348323E-18
  2.0280192E-18
  2.0212094E-18
  2.0144023E-18
  2.0075305E-18
  2.0006958E-18
  1.9938302E-18
  1.9869339E-18
  1.9800411E-18
  1.9731173E-18
  1.9661965E-18
  1.9592792E-18
  1.9523313E-18
  1.9454202E-18
  1.9384450E-18
  1.9315071E-18
  1.9245387E-18
  1.9176069E-18
  1.9106447E-18
  1.9036528E-18
  1.8966972E-18
  1.8897452E-18
  1.8827630E-18
  1.8758173E-18
  1.8688419E-18
  1.8619031E-18
  1.8549339E-18
  1.8480019E-18
  1.8410396E-18
  1.8341142E-18
  1.8271919E-18
  1.8202730E-18
  1.8133575E-18
  1.8064787E-18
  1.7995701E-18
  1.7926977E-18
  1.7858288E-18
  1.7789967E-18
  1.7721677E-18
  1.7653420E-18
  1.7585198E-18
  1.7517338E-18
  1.7449844E-18
  1.7382049E-18
  1.7314953E-18
  1.7247887E-18
  1.7180855E-18
  1.7114186E-18
  1.7047553E-18
  1.6981286E-18
  1.6915383E-18
  1.6849519E-18
  1.6784016E-18
  1.6718552E-18
  1.6653782E-18
  1.6589051E-18
  1.6524359E-18
  1.6460361E-18
  1.6396401E-18
  1.6332807E-18
  1.6269584E-18
  1.6206727E-18
  1.6143910E-18
  1.6081788E-18
  1.6019708E-18
  1.5957992E-18
  1.5896649E-18
  1.5835674E-18
  1.5775065E-18
  1.5714827E-18
  1.5654958E-18
  1.5595458E-18
  1.5536000E-18
  1.5477236E-18
  1.5418842E-18
  1.5360817E-18
  1.5303163E-18
  1.5245879E-18
  1.5188961E-18
  1.5132414E-18
  1.5076565E-18
  1.5020756E-18
  1.4965643E-18
  1.4910577E-18
  1.4856202E-18
  1.4802200E-18
  1.4748566E-18
  1.4695301E-18
  1.4642731E-18
  1.4590207E-18
  1.4538378E-18
  1.4486918E-18
  1.4435826E-18
  1.4385105E-18
  1.4335077E-18
  1.4285422E-18
  1.4235807E-18
  1.4187211E-18
  1.4138664E-18
  1.4090484E-18
  1.4042996E-18
  1.3995877E-18
  1.3949127E-18
  1.3902749E-18
  1.3857060E-18
  1.3811737E-18
  1.3766786E-18
  1.3722205E-18
  1.3677988E-18
  1.3634464E-18
  1.3591307E-18
  1.3548520E-18
  1.3506101E-18
  1.3464049E-18
  1.3422687E-18
  1.3381692E-18
  1.3341065E-18
  1.3300806E-18
  1.3260915E-18
  1.3221711E-18
  1.3182555E-18
  1.3144088E-18
  1.3105986E-18
  1.3068252E-18
  1.3031205E-18
  1.2994207E-18
  1.2957574E-18
  1.2921629E-18
  1.2886050E-18
  1.2850524E-18
  1.2815678E-18
  1.2781201E-18
  1.2747091E-18
  1.2713347E-18
  1.2679972E-18
  1.2646963E-18
  1.2614321E-18
  1.2582046E-18
  1.2550139E-18
  1.2518597E-18
  1.2487423E-18
  1.2456614E-18
  1.2426176E-18
  1.2396102E-18
  1.2366397E-18
  1.2336741E-18
  1.2307765E-18
  1.2278843E-18
  1.2250284E-18
  1.2222090E-18
  1.2194259E-18
  1.2166480E-18
  1.2139376E-18
  1.2112321E-18
  1.2085628E-18
  1.2059296E-18
  1.2033012E-18
  1.2007089E-18
  1.1981527E-18
  1.1956012E-18
  1.1930857E-18
  1.1906060E-18
  1.1881311E-18
  1.1856920E-18
  1.1832885E-18
  1.1808897E-18
  1.1784954E-18
  1.1761367E-18
  1.1738138E-18
  1.1714952E-18
  1.1692121E-18
  1.1669338E-18
  1.1646598E-18
  1.1624209E-18
  1.1602176E-18
  1.1579879E-18
  1.1557934E-18
  1.1536342E-18
  1.1514793E-18
  1.1493288E-18
  1.1471825E-18
  1.1450714E-18
  1.1429645E-18
  1.1408928E-18
  1.1387945E-18
  1.1367312E-18
  1.1346724E-18
  1.1326174E-18
  1.1305669E-18
  1.1285513E-18
  1.1265090E-18
  1.1245017E-18
  1.1224678E-18
  1.1204689E-18
  1.1184740E-18
  1.1164832E-18
  1.1144966E-18
  1.1125139E-18
  1.1105353E-18
  1.1085605E-18
  1.1065895E-18
  1.1046226E-18
  1.1026593E-18
  1.1006998E-18
  1.0987439E-18
  1.0967613E-18
  1.0948126E-18
  1.0928372E-18
  1.0908654E-18
  1.0888971E-18
  1.0869322E-18
  1.0849402E-18
  1.0829821E-18
  1.0809968E-18
  1.0790152E-18
  1.0770062E-18
  1.0750310E-18
  1.0730287E-18
  1.0709991E-18
  1.0690031E-18
  1.0669799E-18
  1.0649296E-18
  1.0629124E-18
  1.0608680E-18
  1.0587965E-18
  1.0567582E-18
  1.0546624E-18
  1.0525996E-18
  1.0505098E-18
  1.0484224E-18
  1.0463079E-18
  1.0441962E-18
  1.0420572E-18
  1.0399207E-18
  1.0377871E-18
  1.0356259E-18
  1.0334374E-18
  1.0312515E-18
  1.0290684E-18
  1.0268576E-18
  1.0246494E-18
  1.0224138E-18
  1.0201507E-18
  1.0178901E-18
  1.0156319E-18
  1.0133462E-18
  1.0110329E-18
  1.0087220E-18
  1.0064134E-18
  1.0040773E-18
  1.0017137E-18
  9.9935236E-19
  9.9696347E-19
  9.9454686E-19
  9.9213263E-19
  9.8972057E-19
  9.8728080E-19
  9.8481342E-19
  9.8234822E-19
  9.7985530E-19
  9.7736456E-19
  9.7484610E-19
  9.7230015E-19
  9.6975594E-19
  9.6718424E-19
  9.6461460E-19
  9.6201705E-19
  9.5939199E-19
  9.5676890E-19
  9.5414746E-19
  9.5146895E-19
  9.4882166E-19
  9.4611740E-19
  9.4341479E-19
  9.4071384E-19
  9.3795581E-19
  9.3522891E-19
  9.3247409E-19
  9.2969166E-19
  9.2691109E-19
  9.2410240E-19
  9.2126620E-19
  9.1843156E-19
  9.1559836E-19
  9.1273735E-19
  9.0984873E-19
  9.0696146E-19
  9.0407584E-19
  9.0116210E-19
  8.9822064E-19
  8.9528063E-19
  8.9234208E-19
  8.8937550E-19
  8.8641036E-19
  8.8341731E-19
  8.8042550E-19
  8.7740588E-19
  8.7438750E-19
  8.7137057E-19
  8.6832571E-19
  8.6525320E-19
  8.6221104E-19
  8.5911211E-19
  8.5604374E-19
  8.5294744E-19
  8.4985270E-19
  8.4673004E-19
  8.4363789E-19
  8.4048917E-19
  8.3737070E-19
  8.3422468E-19
  8.3107994E-19
  8.2790770E-19
  8.2473691E-19
  8.2156736E-19
  8.1839916E-19
  8.1520355E-19
  8.1203804E-19
  8.0884512E-19
  8.0565370E-19
  8.0243457E-19
  7.9924574E-19
  7.9602946E-19
  7.9281457E-19
  7.8960102E-19
  7.8635992E-19
  7.8314906E-19
  7.7991081E-19
  7.7670264E-19
  7.7346697E-19
  7.7023279E-19
  7.6699986E-19
  7.6376822E-19
  7.6053788E-19
  7.5730898E-19
  7.5408121E-19
  7.5085485E-19
  7.4762972E-19
  7.4437735E-19
  7.4115476E-19
  7.3793351E-19
  7.3471350E-19
  7.3149458E-19
  7.2827706E-19
  7.2506072E-19
  7.2184552E-19
  7.1863177E-19
  7.1544774E-19
  7.1223653E-19
  7.0905509E-19
  7.0587489E-19
  7.0269613E-19
  6.9951862E-19
  6.9634261E-19
  6.9316800E-19
  6.9002316E-19
  6.8687967E-19
  6.8373767E-19
  6.8062535E-19
  6.7748641E-19
  6.7437704E-19
  6.7126932E-19
  6.6819128E-19
  6.6511473E-19
  6.6203974E-19
  6.5896640E-19
  6.5592269E-19
  6.5288058E-19
  6.4984012E-19
  6.4682934E-19
  6.4382016E-19
  6.4081263E-19
  6.3783483E-19
  6.3485864E-19
  6.3191222E-19
  6.2896741E-19
  6.2602435E-19
  6.2311092E-19
  6.2019924E-19
  6.1731719E-19
  6.1443689E-19
  6.1158622E-19
  6.0873736E-19
  6.0589015E-19
  6.0307267E-19
  6.0025690E-19
  5.9747085E-19
  5.9471427E-19
  5.9195966E-19
  5.8920664E-19
  5.8648336E-19
  5.8378964E-19
  5.8109774E-19
  5.7840759E-19
  5.7574712E-19
  5.7311617E-19
  5.7048708E-19
  5.6788756E-19
  5.6531762E-19
  5.6272172E-19
  5.6018325E-19
  5.5764655E-19
  5.5513942E-19
  5.5263420E-19
  5.5015855E-19
  5.4771242E-19
  5.4526826E-19
  5.4282595E-19
  5.4044088E-19
  5.3805762E-19
  5.3567648E-19
  5.3335220E-19
  5.3100255E-19
  5.2870981E-19
  5.2641919E-19
  5.2415788E-19
  5.2189880E-19
  5.1966903E-19
  5.1746884E-19
  5.1527066E-19
  5.1310200E-19
  5.1096270E-19
  5.0882552E-19
  5.0671782E-19
  5.0461212E-19
  5.0253595E-19
  5.0048915E-19
  4.9844446E-19
  4.9642929E-19
  4.9444344E-19
  4.9248700E-19
  4.9050549E-19
  4.8858064E-19
  4.8665781E-19
  4.8476449E-19
  4.8290055E-19
  4.8103877E-19
  4.7920636E-19
  4.7737617E-19
  4.7557529E-19
  4.7380383E-19
  4.7203449E-19
  4.7029462E-19
  4.6858401E-19
  4.6687568E-19
  4.6519661E-19
  4.6351981E-19
  4.6187227E-19
  4.6025405E-19
  4.5863789E-19
  4.5705105E-19
  4.5546632E-19
  4.5391086E-19
  4.5238456E-19
  4.5086038E-19
  4.4936530E-19
  4.4787239E-19
  4.4640854E-19
  4.4497380E-19
  4.4354112E-19
  4.4211067E-19
  4.4070911E-19
  4.3933666E-19
  4.3796618E-19
  4.3662475E-19
  4.3528539E-19
  4.3397504E-19
  4.3269342E-19
  4.3138712E-19
  4.3013653E-19
  4.2888798E-19
  4.2764149E-19
  4.2642386E-19
  4.2520824E-19
  4.2402147E-19
  4.2283666E-19
  4.2168070E-19
  4.2052660E-19
  4.1937475E-19
  4.1825152E-19
  4.1715701E-19
  4.1606443E-19
  4.1497400E-19
  4.1391216E-19
  4.1285236E-19
  4.1182112E-19
  4.1079198E-19
  4.0976478E-19
  4.0876624E-19
  4.0776967E-19
  4.0677514E-19
  4.0580910E-19
  4.0484515E-19
  4.0390968E-19
  4.0294977E-19
  4.0201826E-19
  4.0111526E-19
  4.0021407E-19
  3.9931495E-19
  3.9841769E-19
  3.9754874E-19
  3.9668162E-19
  3.9581644E-19
  3.9497936E-19
  3.9411783E-19
  3.9328439E-19
  3.9245279E-19
  3.9164919E-19
  3.9084739E-19
  3.9004727E-19
  3.8924891E-19
  3.8845216E-19
  3.8768342E-19
  3.8689003E-19
  3.8612460E-19
  3.8538691E-19
  3.8462466E-19
  3.8386399E-19
  3.8313109E-19
  3.8239970E-19
  3.8166990E-19
  3.8094162E-19
  3.8021484E-19
  3.7948960E-19
  3.7879190E-19
  3.7806954E-19
  3.7737476E-19
  3.7665537E-19
  3.7596346E-19
  3.7527292E-19
  3.7458378E-19
  3.7389608E-19
  3.7320970E-19
  3.7255064E-19
  3.7186701E-19
  3.7118466E-19
  3.7050366E-19
  3.6984985E-19
  3.6917151E-19
  3.6852026E-19
  3.6784448E-19
  3.6716986E-19
  3.6652241E-19
  3.6585030E-19
  3.6520528E-19
  3.6453568E-19
  3.6386724E-19
  3.6322573E-19
  3.6255965E-19
  3.6189467E-19
  3.6125666E-19
  3.6059388E-19
  3.5993234E-19
  3.5927181E-19
  3.5861237E-19
  3.5795396E-19
  3.5729663E-19
  3.5664029E-19
  3.5598498E-19
  3.5533066E-19
  3.5465167E-19
  3.5399926E-19
  3.5332224E-19
  3.5267174E-19
  3.5199663E-19
  3.5132232E-19
  3.5064900E-19
  3.4997652E-19
  3.4930496E-19
  3.4863422E-19
  3.4796443E-19
  3.4726981E-19
  3.4660160E-19
  3.4590871E-19
  3.4521659E-19
  3.4452525E-19
  3.4383479E-19
  3.4314494E-19
  3.4245593E-19
  3.4174223E-19
  3.4105468E-19
  3.4034233E-19
  3.3963080E-19
  3.3891991E-19
  3.3820970E-19
  3.3747483E-19
  3.3676598E-19
  3.3603238E-19
  3.3532480E-19
  3.3459244E-19
  3.3386077E-19
  3.3312962E-19
  3.3237384E-19
  3.3164385E-19
  3.3088923E-19
  3.3013510E-19
  3.2938161E-19
  3.2862860E-19
  3.2787615E-19
  3.2712421E-19
  3.2634764E-19
  3.2557152E-19
  3.2479603E-19
  3.2402104E-19
  3.2324654E-19
  3.2247248E-19
  3.2169897E-19
  3.2090082E-19
  3.2010315E-19
  3.1930596E-19
  3.1850928E-19
  3.1771302E-19
  3.1691722E-19
  3.1609686E-19
  3.1530197E-19
  3.1448249E-19
  3.1366348E-19
  3.1284483E-19
  3.1202669E-19
  3.1120887E-19
  3.1036664E-19
  3.0954965E-19
  3.0870817E-19
  3.0789200E-19
  3.0705128E-19
  3.0621094E-19
  3.0537102E-19
  3.0450654E-19
  3.0366736E-19
  3.0282844E-19
  3.0196515E-19
  3.0110209E-19
  3.0026426E-19
  2.9940190E-19
  2.9853987E-19
  2.9767813E-19
  2.9681678E-19
  2.9593092E-19
  2.9507011E-19
  2.9420958E-19
  2.9332468E-19
  2.9246470E-19
  2.9158029E-19
  2.9072082E-19
  2.8983695E-19
  2.8895332E-19
  2.8806997E-19
  2.8718687E-19
  2.8630409E-19
  2.8542154E-19
  2.8453933E-19
  2.8365729E-19
  2.8277560E-19
  2.8189421E-19
  2.8098858E-19
  2.8010776E-19
  2.7922730E-19
  2.7832255E-19
  2.7744268E-19
  2.7656311E-19
  2.7565936E-19
  2.7478040E-19
  2.7390181E-19
  2.7299904E-19
  2.7212110E-19
  2.7121903E-19
  2.7034175E-19
  2.6946476E-19
  2.6856378E-19
  2.6768749E-19
  2.6678720E-19
  2.6591161E-19
  2.6503640E-19
  2.6416147E-19
  2.6326266E-19
  2.6238851E-19
  2.6151470E-19
  2.6064128E-19
  2.5976824E-19
  2.5889554E-19
  2.5802322E-19
  2.5715130E-19
  2.5627976E-19
  2.5540858E-19
  2.5456199E-19
  2.5369156E-19
  2.5284575E-19
  2.5197615E-19
  2.5113105E-19
  2.5026220E-19
  2.4941791E-19
  2.4857400E-19
  2.4773046E-19
  2.4688733E-19
  2.4604461E-19
  2.4520226E-19
  2.4436035E-19
  2.4353567E-19
  2.4270423E-19
  2.4187798E-19
  2.4105460E-19
  2.4023398E-19
  2.3941864E-19
  2.3860374E-19
  2.3779411E-19
  2.3698489E-19
  2.3618093E-19
  2.3538223E-19
  2.3458398E-19
  2.3379099E-19
  2.3300086E-19
  2.3221596E-19
  2.3143162E-19
  2.3065487E-19
  2.2987861E-19
  2.2910765E-19
  2.2834194E-19
  2.2757913E-19
  2.2681918E-19
  2.2606453E-19
  2.2531278E-19
  2.2456630E-19
  2.2382269E-19
  2.2308441E-19
  2.2235140E-19
  2.2162128E-19
  2.2089411E-19
  2.2017457E-19
  2.1945559E-19
  2.1874422E-19
  2.1803584E-19
  2.1733036E-19
  2.1663018E-19
  2.1593528E-19
  2.1524333E-19
  2.1455667E-19
  2.1387532E-19
  2.1319690E-19
  2.1252378E-19
  2.1185596E-19
  2.1119110E-19
  2.1053154E-19
  2.0987729E-19
  2.0922600E-19
  2.0858003E-19
  2.0793935E-19
  2.0730163E-19
  2.0666923E-19
  2.0603978E-19
  2.0541796E-19
  2.0479914E-19
  2.0418324E-19
  2.0357266E-19
  2.0296740E-19
  2.0236745E-19
  2.0177041E-19
  2.0117869E-19
  2.0059227E-19
  2.0000882E-19
  1.9943069E-19
  1.9885781E-19
  1.9828788E-19
  1.9772330E-19
  1.9716164E-19
  1.9660296E-19
  1.9605190E-19
  1.9550148E-19
  1.9495866E-19
  1.9441651E-19
  1.9388193E-19
  1.9335033E-19
  1.9282169E-19
  1.9229837E-19
  1.9177799E-19
  1.9126060E-19
  1.9075081E-19
  1.9024163E-19
  1.8973775E-19
  1.8923689E-19
  1.8874125E-19
  1.8824863E-19
  1.8775896E-19
  1.8727457E-19
  1.8679081E-19
  1.8631239E-19
  1.8583922E-19
  1.8536676E-19
  1.8489953E-19
  1.8443529E-19
  1.8397404E-19
  1.8351806E-19
  1.8306277E-19
  1.8261277E-19
  1.8216573E-19
  1.8172171E-19
  1.8128062E-19
  1.8084482E-19
  1.8040968E-19
  1.7997983E-19
  1.7955059E-19
  1.7912432E-19
  1.7870329E-19
  1.7828292E-19
  1.7786543E-19
  1.7745091E-19
  1.7703928E-19
  1.7663060E-19
  1.7622252E-19
  1.7581964E-19
  1.7541736E-19
  1.7501570E-19
  1.7461920E-19
  1.7422103E-19
  1.7382804E-19
  1.7343561E-19
  1.7304379E-19
  1.7265712E-19
  1.7226875E-19
  1.7188549E-19
  1.7150056E-19
  1.7112075E-19
  1.7074150E-19
  1.7036281E-19
  1.6998697E-19
  1.6961168E-19
  1.6923694E-19
  1.6886503E-19
  1.6849593E-19
  1.6812513E-19
  1.6775710E-19
  1.6738965E-19
  1.6702269E-19
  1.6665858E-19
  1.6629497E-19
  1.6593191E-19
  1.6556935E-19
  1.6520732E-19
  1.6484809E-19
  1.6448710E-19
  1.6412887E-19
  1.6377119E-19
  1.6341398E-19
  1.6305504E-19
  1.6269884E-19
  1.6234318E-19
  1.6198797E-19
  1.6163330E-19
  1.6127683E-19
  1.6092310E-19
  1.6056760E-19
  1.6021257E-19
  1.5985799E-19
  1.5950388E-19
  1.5915023E-19
  1.5879482E-19
  1.5843982E-19
  1.5808524E-19
  1.5773112E-19
  1.5737520E-19
  1.5701966E-19
  1.5666458E-19
  1.5630768E-19
  1.5595118E-19
  1.5559285E-19
  1.5523493E-19
  1.5487739E-19
  1.5451805E-19
  1.5415905E-19
  1.5380050E-19
  1.5344003E-19
  1.5307772E-19
  1.5271580E-19
  1.5235204E-19
  1.5198861E-19
  1.5162555E-19
  1.5126060E-19
  1.5089380E-19
  1.5052732E-19
  1.5016122E-19
  1.4979321E-19
  1.4942333E-19
  1.4905376E-19
  1.4868232E-19
  1.4830896E-19
  1.4793593E-19
  1.4756100E-19
  1.4718637E-19
  1.4680763E-19
  1.4643140E-19
  1.4605105E-19
  1.4567096E-19
  1.4528900E-19
  1.4490730E-19
  1.4452367E-19
  1.4413813E-19
  1.4375286E-19
  1.4336564E-19
  1.4297651E-19
  1.4258764E-19
  1.4219681E-19
  1.4180409E-19
  1.4141157E-19
  1.4101496E-19
  1.4062076E-19
  1.4022242E-19
  1.3982434E-19
  1.3942430E-19
  1.3902231E-19
  1.3862056E-19
  1.3821684E-19
  1.3781119E-19
  1.3740572E-19
  1.3699833E-19
  1.3659113E-19
  1.3618199E-19
  1.3577084E-19
  1.3535995E-19
  1.3494706E-19
  1.3453440E-19
  1.3411755E-19
  1.3370094E-19
  1.3328449E-19
  1.3286608E-19
  1.3244567E-19
  1.3202544E-19
  1.3160325E-19
  1.3118123E-19
  1.3075721E-19
  1.3033121E-19
  1.2990537E-19
  1.2947752E-19
  1.2904768E-19
  1.2861802E-19
  1.2818633E-19
  1.2775483E-19
  1.2732128E-19
  1.2688793E-19
  1.2645253E-19
  1.2601730E-19
  1.2558004E-19
  1.2514291E-19
  1.2470378E-19
  1.2426696E-19
  1.2382591E-19
  1.2338718E-19
  1.2294640E-19
  1.2250360E-19
  1.2206093E-19
  1.2161840E-19
  1.2117600E-19
  1.2073160E-19
  1.2028731E-19
  1.1984317E-19
  1.1939701E-19
  1.1895100E-19
  1.1850513E-19
  1.1805938E-19
  1.1761164E-19
  1.1716619E-19
  1.1671873E-19
  1.1627141E-19
  1.1582423E-19
  1.1537722E-19
  1.1493034E-19
  1.1448146E-19
  1.1403486E-19
  1.1358628E-19
  1.1313998E-19
  1.1269171E-19
  1.1224356E-19
  1.1179558E-19
  1.1134774E-19
  1.1090219E-19
  1.1045466E-19
  1.1000728E-19
  1.0956217E-19
  1.0911507E-19
  1.0866815E-19
  1.0822349E-19
  1.0777898E-19
  1.0733464E-19
  1.0689044E-19
  1.0644640E-19
  1.0600250E-19
  1.0555877E-19
  1.0511729E-19
  1.0467598E-19
  1.0423481E-19
  1.0379593E-19
  1.0335718E-19
  1.0291859E-19
  1.0248016E-19
  1.0204398E-19
  1.0161008E-19
  1.0117422E-19
  1.0074272E-19
  1.0030927E-19
  9.9878098E-20
  9.9449185E-20
  9.9020434E-20
  9.8591851E-20
  9.8165556E-20
  9.7739416E-20
  9.7315563E-20
  9.6891898E-20
  9.6470488E-20
  9.6051379E-20
  9.5632451E-20
  9.5213704E-20
  9.4797238E-20
  9.4383079E-20
  9.3971188E-20
  9.3559504E-20
  9.3148007E-20
  9.2740905E-20
  9.2333997E-20
  9.1929396E-20
  9.1524989E-20
  9.1124989E-20
  9.0723089E-20
  9.0325583E-20
  8.9930365E-20
  8.9535387E-20
  8.9142689E-20
  8.8752318E-20
  8.8362154E-20
  8.7974303E-20
  8.7590827E-20
  8.7207597E-20
  8.6826654E-20
  8.6448032E-20
  8.6069636E-20
  8.5695634E-20
  8.5321864E-20
  8.4952483E-20
  8.4583347E-20
  8.4216512E-20
  8.3851997E-20
  8.3489801E-20
  8.3129913E-20
  8.2772345E-20
  8.2417103E-20
  8.2062101E-20
  8.1711479E-20
  8.1363198E-20
  8.1015142E-20
  8.0671487E-20
  8.0330159E-20
  7.9989063E-20
  7.9652375E-20
  7.9315938E-20
  7.8983877E-20
  7.8652087E-20
  7.8322598E-20
  7.7997516E-20
  7.7672680E-20
  7.7352231E-20
  7.7034103E-20
  7.6716239E-20
  7.6402751E-20
  7.6091595E-20
  7.5782746E-20
  7.5476231E-20
  7.5169974E-20
  7.4868104E-20
  7.4568542E-20
  7.4271319E-20
  7.3978446E-20
  7.3685869E-20
  7.3395600E-20
  7.3107664E-20
  7.2824089E-20
  7.2540793E-20
  7.2261871E-20
  7.1983221E-20
  7.1708934E-20
  7.1436985E-20
  7.1165295E-20
  7.0897986E-20
  7.0632998E-20
  7.0370323E-20
  7.0109980E-20
  6.9851952E-20
  6.9596263E-20
  6.9342880E-20
  6.9091831E-20
  6.8843102E-20
  6.8594663E-20
  6.8350587E-20
  6.8108817E-20
  6.7869400E-20
  6.7632284E-20
  6.7397507E-20
  6.7165043E-20
  6.6934912E-20
  6.6707089E-20
  6.6481604E-20
  6.6258427E-20
  6.6037576E-20
  6.5817004E-20
  6.5600786E-20
  6.5386863E-20
  6.5173250E-20
  6.4963941E-20
  6.4754942E-20
  6.4550248E-20
  6.4345843E-20
  6.4143734E-20
  6.3943937E-20
  6.3746435E-20
  6.3551214E-20
  6.3358313E-20
  6.3165676E-20
  6.2977338E-20
  6.2789290E-20
  6.2603517E-20
  6.2420038E-20
  6.2238834E-20
  6.2057920E-20
  6.1881278E-20
  6.1704927E-20
  6.1530838E-20
  6.1357040E-20
  6.1187506E-20
  6.1018245E-20
  6.0851257E-20
  6.0686539E-20
  6.0522085E-20
  6.0359919E-20
  6.0199995E-20
  6.0042352E-20
  5.9884968E-20
  5.9729853E-20
  5.9575002E-20
  5.9422413E-20
  5.9272066E-20
  5.9124001E-20
  5.8976188E-20
  5.8830623E-20
  5.8685330E-20
  5.8542293E-20
  5.8399513E-20
  5.8258990E-20
  5.8120708E-20
  5.7982692E-20
  5.7846912E-20
  5.7711403E-20
  5.7576139E-20
  5.7445102E-20
  5.7312314E-20
  5.7181781E-20
  5.7053458E-20
  5.6925374E-20
  5.6799520E-20
  5.6673898E-20
  5.6548516E-20
  5.6425350E-20
  5.6302404E-20
  5.6181674E-20
  5.6061158E-20
  5.5940881E-20
  5.5822788E-20
  5.5704921E-20
  5.5589245E-20
  5.5473789E-20
  5.5358546E-20
  5.5243516E-20
  5.5130664E-20
  5.5018019E-20
  5.4905587E-20
  5.4795326E-20
  5.4685259E-20
  5.4575399E-20
  5.4465740E-20
  5.4358245E-20
  5.4250938E-20
  5.4143828E-20
  5.4036905E-20
  5.3932140E-20
  5.3825602E-20
  5.3721213E-20
  5.3617001E-20
  5.3514934E-20
  5.3411088E-20
  5.3309380E-20
  5.3205902E-20
  5.3104553E-20
  5.3003368E-20
  5.2902372E-20
  5.2801533E-20
  5.2702824E-20
  5.2602331E-20
  5.2502007E-20
  5.2403789E-20
  5.2303800E-20
  5.2205915E-20
  5.2108188E-20
  5.2008671E-20
  5.1911257E-20
  5.1813989E-20
  5.1716873E-20
  5.1619896E-20
  5.1521135E-20
  5.1424452E-20
  5.1327901E-20
  5.1231493E-20
  5.1135213E-20
  5.1037137E-20
  5.0941130E-20
  5.0845235E-20
  5.0747547E-20
  5.0651904E-20
  5.0556381E-20
  5.0459055E-20
  5.0363764E-20
  5.0266661E-20
  5.0169674E-20
  5.0074710E-20
  4.9977939E-20
  4.9881259E-20
  4.9784696E-20
  4.9688226E-20
  4.9591853E-20
  4.9493648E-20
  4.9397459E-20
  4.9301360E-20
  4.9203436E-20
  4.9105596E-20
  4.9009760E-20
  4.8912081E-20
  4.8814487E-20
  4.8716967E-20
  4.8619521E-20
  4.8520240E-20
  4.8422937E-20
  4.8323794E-20
  4.8224720E-20
  4.8125707E-20
  4.8026762E-20
  4.7927875E-20
  4.7829047E-20
  4.7730267E-20
  4.7629641E-20
  4.7529065E-20
  4.7430443E-20
  4.7329969E-20
  4.7227641E-20
  4.7127274E-20
  4.7026953E-20
  4.6924783E-20
  4.6822675E-20
  4.6722508E-20
  4.6620513E-20
  4.6516667E-20
  4.6414778E-20
  4.6312944E-20
  4.6209275E-20
  4.6105664E-20
  4.6002121E-20
  4.5898630E-20
  4.5795203E-20
  4.5691835E-20
  4.5586647E-20
  4.5481518E-20
  4.5378340E-20
  4.5273340E-20
  4.5168404E-20
  4.5061649E-20
  4.4956846E-20
  4.4852114E-20
  4.4745563E-20
  4.4639076E-20
  4.4534554E-20
  4.4428207E-20
  4.4321940E-20
  4.4215738E-20
  4.4107736E-20
  4.4001676E-20
  4.3895700E-20
  4.3787908E-20
  4.3680203E-20
  4.3574443E-20
  4.3466884E-20
  4.3359405E-20
  4.3251998E-20
  4.3144668E-20
  4.3035551E-20
  4.2928383E-20
  4.2821299E-20
  4.2712411E-20
  4.2605479E-20
  4.2496763E-20
  4.2388127E-20
  4.2279573E-20
