  1                     0.000E+00
  2                     0.125E-08
  3                     0.579E-09
  4                     0.322E-09
  5                     0.202E-09
  6                     0.138E-09
  7                     0.999E-10
  8                     0.758E-10
  9                     0.597E-10
 10                     0.484E-10
 11                     0.401E-10
 12                     0.340E-10
 13                     0.292E-10
 14                     0.254E-10
 15                     0.224E-10
 16                     0.199E-10
 17                     0.179E-10
 18                     0.162E-10
 19                     0.148E-10
 20                     0.135E-10
 21                     0.125E-10
 22                     0.116E-10
 23                     0.107E-10
 24                     0.100E-10
 25                     0.939E-11
 26                     0.882E-11
 27                     0.831E-11
 28                     0.786E-11
 29                     0.744E-11
 30                     0.707E-11
 31                     0.673E-11
 32                     0.642E-11
 33                     0.613E-11
 34                     0.587E-11
 35                     0.563E-11
 36                     0.540E-11
 37                     0.519E-11
 38                     0.500E-11
 39                     0.482E-11
 40                     0.466E-11
 41                     0.450E-11
 42                     0.436E-11
 43                     0.422E-11
 44                     0.409E-11
 45                     0.397E-11
 46                     0.386E-11
 47                     0.375E-11
 48                     0.365E-11
 49                     0.355E-11
 50                     0.346E-11
 51                     0.338E-11
 52                     0.329E-11
 53                     0.322E-11
 54                     0.314E-11
 55                     0.307E-11
 56                     0.301E-11
 57                     0.294E-11
 58                     0.288E-11
 59                     0.283E-11
 60                     0.277E-11
 61                     0.272E-11
 62                     0.267E-11
 63                     0.262E-11
 64                     0.257E-11
 65                     0.253E-11
 66                     0.249E-11
 67                     0.244E-11
 68                     0.240E-11
 69                     0.237E-11
 70                     0.233E-11
 71                     0.230E-11
 72                     0.226E-11
 73                     0.223E-11
 74                     0.220E-11
 75                     0.217E-11
 76                     0.214E-11
 77                     0.211E-11
 78                     0.208E-11
 79                     0.206E-11
 80                     0.203E-11
 81                     0.201E-11
 82                     0.199E-11
 83                     0.196E-11
 84                     0.194E-11
 85                     0.192E-11
 86                     0.190E-11
 87                     0.188E-11
 88                     0.186E-11
 89                     0.184E-11
 90                     0.182E-11
 91                     0.180E-11
 92                     0.179E-11
 93                     0.177E-11
 94                     0.175E-11
 95                     0.174E-11
 96                     0.172E-11
 97                     0.171E-11
 98                     0.169E-11
 99                     0.168E-11
100                     0.166E-11
101                     0.165E-11
102                     0.164E-11
103                     0.162E-11
104                     0.161E-11
105                     0.160E-11
106                     0.159E-11
107                     0.157E-11
108                     0.156E-11
109                     0.155E-11
110                     0.154E-11
111                     0.153E-11
112                     0.152E-11
113                     0.151E-11
114                     0.150E-11
115                     0.149E-11
116                     0.148E-11
117                     0.147E-11
118                     0.146E-11
119                     0.145E-11
120                     0.144E-11
121                     0.143E-11
122                     0.142E-11
123                     0.141E-11
124                     0.140E-11
125                     0.139E-11
126                     0.139E-11
127                     0.138E-11
128                     0.137E-11
129                     0.136E-11
130                     0.135E-11
131                     0.134E-11
132                     0.134E-11
133                     0.133E-11
134                     0.132E-11
135                     0.131E-11
136                     0.130E-11
137                     0.130E-11
138                     0.129E-11
139                     0.128E-11
140                     0.127E-11
141                     0.127E-11
142                     0.126E-11
143                     0.125E-11
144                     0.124E-11
145                     0.124E-11
146                     0.123E-11
147                     0.122E-11
148                     0.121E-11
149                     0.121E-11
150                     0.120E-11
151                     0.119E-11
152                     0.119E-11
153                     0.118E-11
154                     0.117E-11
155                     0.117E-11
156                     0.116E-11
157                     0.115E-11
158                     0.114E-11
159                     0.114E-11
160                     0.113E-11
161                     0.112E-11
162                     0.112E-11
163                     0.111E-11
164                     0.110E-11
165                     0.110E-11
166                     0.109E-11
167                     0.108E-11
168                     0.108E-11
169                     0.107E-11
170                     0.106E-11
171                     0.106E-11
172                     0.105E-11
173                     0.104E-11
174                     0.104E-11
175                     0.103E-11
176                     0.102E-11
177                     0.102E-11
178                     0.101E-11
179                     0.100E-11
180                     0.995E-12
181                     0.989E-12
182                     0.982E-12
183                     0.975E-12
184                     0.968E-12
185                     0.962E-12
186                     0.955E-12
187                     0.948E-12
188                     0.942E-12
189                     0.935E-12
190                     0.928E-12
191                     0.921E-12
192                     0.915E-12
193                     0.908E-12
194                     0.901E-12
195                     0.895E-12
196                     0.888E-12
197                     0.881E-12
198                     0.874E-12
199                     0.868E-12
200                     0.861E-12
201                     0.854E-12
202                     0.848E-12
203                     0.841E-12
204                     0.834E-12
205                     0.828E-12
206                     0.821E-12
207                     0.814E-12
208                     0.808E-12
209                     0.801E-12
210                     0.795E-12
211                     0.788E-12
212                     0.781E-12
213                     0.775E-12
214                     0.768E-12
215                     0.761E-12
216                     0.755E-12
217                     0.748E-12
218                     0.742E-12
219                     0.735E-12
220                     0.728E-12
221                     0.722E-12
222                     0.715E-12
223                     0.709E-12
224                     0.702E-12
225                     0.696E-12
226                     0.689E-12
227                     0.683E-12
228                     0.676E-12
229                     0.670E-12
230                     0.663E-12
231                     0.657E-12
232                     0.650E-12
233                     0.644E-12
234                     0.637E-12
235                     0.631E-12
236                     0.625E-12
237                     0.618E-12
238                     0.612E-12
239                     0.606E-12
240                     0.599E-12
241                     0.593E-12
242                     0.587E-12
243                     0.581E-12
244                     0.574E-12
245                     0.568E-12
246                     0.562E-12
247                     0.556E-12
248                     0.550E-12
249                     0.544E-12
250                     0.538E-12
251                     0.532E-12
252                     0.526E-12
253                     0.520E-12
254                     0.514E-12
255                     0.508E-12
256                     0.502E-12
257                     0.496E-12
258                     0.490E-12
259                     0.484E-12
260                     0.479E-12
261                     0.473E-12
262                     0.467E-12
263                     0.461E-12
264                     0.456E-12
265                     0.450E-12
266                     0.445E-12
267                     0.439E-12
268                     0.434E-12
269                     0.428E-12
270                     0.423E-12
271                     0.417E-12
272                     0.412E-12
273                     0.407E-12
274                     0.401E-12
275                     0.396E-12
276                     0.391E-12
277                     0.386E-12
278                     0.381E-12
279                     0.376E-12
280                     0.371E-12
281                     0.366E-12
282                     0.361E-12
283                     0.356E-12
284                     0.351E-12
285                     0.346E-12
286                     0.341E-12
287                     0.336E-12
288                     0.332E-12
289                     0.327E-12
290                     0.322E-12
291                     0.318E-12
292                     0.313E-12
293                     0.309E-12
294                     0.304E-12
295                     0.300E-12
296                     0.296E-12
297                     0.291E-12
298                     0.287E-12
299                     0.283E-12
300                     0.279E-12
301                     0.274E-12
302                     0.270E-12
303                     0.266E-12
304                     0.262E-12
305                     0.258E-12
306                     0.254E-12
307                     0.250E-12
308                     0.247E-12
309                     0.243E-12
310                     0.239E-12
311                     0.235E-12
312                     0.232E-12
313                     0.228E-12
314                     0.224E-12
315                     0.221E-12
316                     0.217E-12
317                     0.214E-12
318                     0.211E-12
319                     0.207E-12
320                     0.204E-12
321                     0.201E-12
322                     0.198E-12
323                     0.194E-12
324                     0.191E-12
325                     0.188E-12
326                     0.185E-12
327                     0.182E-12
328                     0.179E-12
329                     0.176E-12
330                     0.173E-12
331                     0.171E-12
332                     0.168E-12
333                     0.165E-12
334                     0.162E-12
335                     0.160E-12
336                     0.157E-12
337                     0.155E-12
338                     0.152E-12
339                     0.149E-12
340                     0.147E-12
341                     0.145E-12
342                     0.142E-12
343                     0.140E-12
344                     0.138E-12
345                     0.135E-12
346                     0.133E-12
347                     0.131E-12
348                     0.129E-12
349                     0.127E-12
350                     0.125E-12
351                     0.123E-12
352                     0.121E-12
353                     0.119E-12
354                     0.117E-12
355                     0.115E-12
356                     0.113E-12
357                     0.112E-12
358                     0.110E-12
359                     0.108E-12
360                     0.107E-12
361                     0.105E-12
362                     0.103E-12
363                     0.102E-12
364                     0.100E-12
365                     0.988E-13
366                     0.973E-13
367                     0.959E-13
368                     0.945E-13
369                     0.932E-13
370                     0.919E-13
371                     0.906E-13
372                     0.893E-13
373                     0.881E-13
374                     0.869E-13
375                     0.857E-13
376                     0.846E-13
377                     0.835E-13
378                     0.824E-13
379                     0.814E-13
380                     0.803E-13
381                     0.793E-13
382                     0.784E-13
383                     0.775E-13
384                     0.765E-13
385                     0.757E-13
386                     0.748E-13
387                     0.740E-13
388                     0.732E-13
389                     0.724E-13
390                     0.717E-13
391                     0.709E-13
392                     0.702E-13
393                     0.696E-13
394                     0.689E-13
395                     0.683E-13
396                     0.676E-13
397                     0.671E-13
398                     0.665E-13
399                     0.659E-13
400                     0.654E-13
401                     0.649E-13
402                     0.644E-13
403                     0.640E-13
404                     0.635E-13
405                     0.631E-13
406                     0.627E-13
407                     0.623E-13
408                     0.619E-13
409                     0.616E-13
410                     0.612E-13
411                     0.609E-13
412                     0.606E-13
413                     0.603E-13
414                     0.600E-13
415                     0.597E-13
416                     0.595E-13
417                     0.593E-13
418                     0.590E-13
419                     0.588E-13
420                     0.586E-13
421                     0.585E-13
422                     0.583E-13
423                     0.581E-13
424                     0.580E-13
425                     0.579E-13
426                     0.577E-13
427                     0.576E-13
428                     0.575E-13
429                     0.574E-13
430                     0.573E-13
431                     0.573E-13
432                     0.572E-13
433                     0.571E-13
434                     0.571E-13
435                     0.570E-13
436                     0.570E-13
437                     0.570E-13
438                     0.570E-13
439                     0.569E-13
440                     0.569E-13
441                     0.569E-13
442                     0.569E-13
443                     0.569E-13
444                     0.570E-13
445                     0.570E-13
446                     0.570E-13
447                     0.570E-13
448                     0.571E-13
449                     0.571E-13
450                     0.571E-13
451                     0.572E-13
452                     0.572E-13
453                     0.573E-13
454                     0.573E-13
455                     0.574E-13
456                     0.574E-13
457                     0.575E-13
458                     0.575E-13
459                     0.576E-13
460                     0.576E-13
461                     0.577E-13
462                     0.578E-13
463                     0.578E-13
464                     0.579E-13
465                     0.579E-13
466                     0.580E-13
467                     0.581E-13
468                     0.581E-13
469                     0.582E-13
470                     0.582E-13
471                     0.583E-13
472                     0.583E-13
473                     0.584E-13
474                     0.585E-13
475                     0.585E-13
476                     0.586E-13
477                     0.586E-13
478                     0.586E-13
479                     0.587E-13
480                     0.587E-13
481                     0.588E-13
482                     0.588E-13
483                     0.588E-13
484                     0.588E-13
485                     0.589E-13
486                     0.589E-13
487                     0.589E-13
488                     0.589E-13
489                     0.589E-13
490                     0.589E-13
491                     0.589E-13
492                     0.589E-13
493                     0.589E-13
494                     0.589E-13
495                     0.589E-13
496                     0.589E-13
497                     0.589E-13
498                     0.589E-13
499                     0.588E-13
500                     0.588E-13
501                     0.588E-13
502                     0.587E-13
503                     0.587E-13
504                     0.586E-13
505                     0.586E-13
506                     0.585E-13
507                     0.584E-13
508                     0.584E-13
509                     0.583E-13
510                     0.582E-13
511                     0.581E-13
512                     0.580E-13
513                     0.580E-13
514                     0.579E-13
515                     0.578E-13
516                     0.577E-13
517                     0.575E-13
518                     0.574E-13
519                     0.573E-13
520                     0.572E-13
521                     0.571E-13
522                     0.569E-13
523                     0.568E-13
524                     0.566E-13
525                     0.565E-13
526                     0.563E-13
527                     0.562E-13
528                     0.560E-13
529                     0.559E-13
530                     0.557E-13
531                     0.555E-13
532                     0.553E-13
533                     0.552E-13
534                     0.550E-13
535                     0.548E-13
536                     0.546E-13
537                     0.544E-13
538                     0.542E-13
539                     0.540E-13
540                     0.538E-13
541                     0.536E-13
542                     0.533E-13
543                     0.531E-13
544                     0.529E-13
545                     0.527E-13
546                     0.525E-13
547                     0.522E-13
548                     0.520E-13
549                     0.517E-13
550                     0.515E-13
551                     0.513E-13
552                     0.510E-13
553                     0.508E-13
554                     0.505E-13
555                     0.502E-13
556                     0.500E-13
557                     0.497E-13
558                     0.495E-13
559                     0.492E-13
560                     0.489E-13
561                     0.487E-13
562                     0.484E-13
563                     0.481E-13
564                     0.478E-13
565                     0.476E-13
566                     0.473E-13
567                     0.470E-13
568                     0.467E-13
569                     0.464E-13
570                     0.461E-13
571                     0.459E-13
572                     0.456E-13
573                     0.453E-13
574                     0.450E-13
575                     0.447E-13
576                     0.444E-13
577                     0.441E-13
578                     0.438E-13
579                     0.435E-13
580                     0.432E-13
581                     0.429E-13
582                     0.426E-13
583                     0.423E-13
584                     0.420E-13
585                     0.418E-13
586                     0.415E-13
587                     0.412E-13
588                     0.409E-13
589                     0.406E-13
590                     0.403E-13
591                     0.400E-13
592                     0.397E-13
593                     0.394E-13
594                     0.391E-13
595                     0.388E-13
596                     0.385E-13
597                     0.382E-13
598                     0.380E-13
599                     0.377E-13
600                     0.374E-13
601                     0.371E-13
602                     0.368E-13
603                     0.365E-13
604                     0.363E-13
605                     0.360E-13
606                     0.357E-13
607                     0.354E-13
608                     0.352E-13
609                     0.349E-13
610                     0.346E-13
611                     0.343E-13
612                     0.341E-13
613                     0.338E-13
614                     0.336E-13
615                     0.333E-13
616                     0.330E-13
617                     0.328E-13
618                     0.325E-13
619                     0.323E-13
620                     0.320E-13
621                     0.318E-13
622                     0.315E-13
623                     0.313E-13
624                     0.311E-13
625                     0.308E-13
626                     0.306E-13
627                     0.304E-13
628                     0.301E-13
629                     0.299E-13
630                     0.297E-13
631                     0.295E-13
632                     0.293E-13
633                     0.291E-13
634                     0.289E-13
635                     0.286E-13
636                     0.284E-13
637                     0.282E-13
638                     0.281E-13
639                     0.279E-13
640                     0.277E-13
641                     0.275E-13
642                     0.273E-13
643                     0.271E-13
644                     0.269E-13
645                     0.268E-13
646                     0.266E-13
647                     0.264E-13
648                     0.263E-13
649                     0.261E-13
650                     0.259E-13
651                     0.258E-13
652                     0.256E-13
653                     0.255E-13
654                     0.254E-13
655                     0.252E-13
656                     0.251E-13
657                     0.249E-13
658                     0.248E-13
659                     0.247E-13
660                     0.246E-13
661                     0.244E-13
662                     0.243E-13
663                     0.242E-13
664                     0.241E-13
665                     0.240E-13
666                     0.239E-13
667                     0.238E-13
668                     0.237E-13
669                     0.236E-13
670                     0.235E-13
671                     0.234E-13
672                     0.233E-13
673                     0.232E-13
674                     0.232E-13
675                     0.231E-13
676                     0.230E-13
677                     0.229E-13
678                     0.229E-13
679                     0.228E-13
680                     0.227E-13
681                     0.227E-13
682                     0.226E-13
683                     0.226E-13
684                     0.225E-13
685                     0.225E-13
686                     0.224E-13
687                     0.224E-13
688                     0.223E-13
689                     0.223E-13
690                     0.223E-13
691                     0.222E-13
692                     0.222E-13
693                     0.222E-13
694                     0.222E-13
695                     0.221E-13
696                     0.221E-13
697                     0.221E-13
698                     0.221E-13
699                     0.221E-13
700                     0.220E-13
701                     0.220E-13
702                     0.220E-13
703                     0.220E-13
704                     0.220E-13
705                     0.220E-13
706                     0.220E-13
707                     0.220E-13
708                     0.220E-13
709                     0.220E-13
710                     0.220E-13
711                     0.220E-13
712                     0.220E-13
713                     0.221E-13
714                     0.221E-13
715                     0.221E-13
716                     0.221E-13
717                     0.221E-13
718                     0.221E-13
719                     0.222E-13
720                     0.222E-13
721                     0.222E-13
722                     0.222E-13
723                     0.222E-13
724                     0.223E-13
725                     0.223E-13
726                     0.223E-13
727                     0.223E-13
728                     0.224E-13
729                     0.224E-13
730                     0.224E-13
731                     0.225E-13
732                     0.225E-13
733                     0.225E-13
734                     0.225E-13
735                     0.226E-13
736                     0.226E-13
737                     0.226E-13
738                     0.227E-13
739                     0.227E-13
740                     0.227E-13
741                     0.228E-13
742                     0.228E-13
743                     0.228E-13
744                     0.229E-13
745                     0.229E-13
746                     0.229E-13
747                     0.230E-13
748                     0.230E-13
749                     0.230E-13
750                     0.231E-13
751                     0.231E-13
752                     0.231E-13
753                     0.232E-13
754                     0.232E-13
755                     0.232E-13
756                     0.232E-13
757                     0.233E-13
758                     0.233E-13
759                     0.233E-13
760                     0.233E-13
761                     0.234E-13
762                     0.234E-13
763                     0.234E-13
764                     0.234E-13
765                     0.235E-13
766                     0.235E-13
767                     0.235E-13
768                     0.235E-13
769                     0.235E-13
770                     0.236E-13
771                     0.236E-13
772                     0.236E-13
773                     0.236E-13
774                     0.236E-13
775                     0.236E-13
776                     0.236E-13
777                     0.236E-13
778                     0.236E-13
779                     0.237E-13
780                     0.237E-13
781                     0.237E-13
782                     0.237E-13
783                     0.237E-13
784                     0.237E-13
785                     0.237E-13
786                     0.237E-13
787                     0.237E-13
788                     0.236E-13
789                     0.236E-13
790                     0.236E-13
791                     0.236E-13
792                     0.236E-13
793                     0.236E-13
794                     0.236E-13
795                     0.236E-13
796                     0.235E-13
797                     0.235E-13
798                     0.235E-13
799                     0.235E-13
800                     0.234E-13
801                     0.234E-13
802                     0.234E-13
803                     0.234E-13
804                     0.233E-13
805                     0.233E-13
806                     0.233E-13
807                     0.232E-13
808                     0.232E-13
809                     0.231E-13
810                     0.231E-13
811                     0.231E-13
812                     0.230E-13
813                     0.230E-13
814                     0.229E-13
815                     0.229E-13
816                     0.228E-13
817                     0.228E-13
818                     0.227E-13
819                     0.226E-13
820                     0.226E-13
821                     0.225E-13
822                     0.225E-13
823                     0.224E-13
824                     0.223E-13
825                     0.223E-13
826                     0.222E-13
827                     0.221E-13
828                     0.221E-13
829                     0.220E-13
830                     0.219E-13
831                     0.218E-13
832                     0.218E-13
833                     0.217E-13
834                     0.216E-13
835                     0.215E-13
836                     0.214E-13
837                     0.213E-13
838                     0.213E-13
839                     0.212E-13
840                     0.211E-13
841                     0.210E-13
842                     0.209E-13
843                     0.208E-13
844                     0.207E-13
845                     0.206E-13
846                     0.205E-13
847                     0.204E-13
848                     0.203E-13
849                     0.202E-13
850                     0.201E-13
851                     0.200E-13
852                     0.199E-13
853                     0.198E-13
854                     0.197E-13
855                     0.196E-13
856                     0.195E-13
857                     0.194E-13
858                     0.193E-13
859                     0.192E-13
860                     0.191E-13
861                     0.190E-13
862                     0.188E-13
863                     0.187E-13
864                     0.186E-13
865                     0.185E-13
866                     0.184E-13
867                     0.183E-13
868                     0.181E-13
869                     0.180E-13
870                     0.179E-13
871                     0.178E-13
872                     0.177E-13
873                     0.176E-13
874                     0.174E-13
875                     0.173E-13
876                     0.172E-13
877                     0.171E-13
878                     0.170E-13
879                     0.168E-13
880                     0.167E-13
881                     0.166E-13
882                     0.165E-13
883                     0.163E-13
884                     0.162E-13
885                     0.161E-13
886                     0.160E-13
887                     0.158E-13
888                     0.157E-13
889                     0.156E-13
890                     0.155E-13
891                     0.153E-13
892                     0.152E-13
893                     0.151E-13
894                     0.150E-13
895                     0.149E-13
896                     0.147E-13
897                     0.146E-13
898                     0.145E-13
899                     0.144E-13
900                     0.142E-13
901                     0.141E-13
902                     0.140E-13
903                     0.139E-13
904                     0.137E-13
905                     0.136E-13
906                     0.135E-13
907                     0.134E-13
908                     0.133E-13
909                     0.131E-13
910                     0.130E-13
911                     0.129E-13
912                     0.128E-13
913                     0.127E-13
914                     0.125E-13
915                     0.124E-13
916                     0.123E-13
917                     0.122E-13
918                     0.121E-13
919                     0.120E-13
920                     0.119E-13
921                     0.117E-13
922                     0.116E-13
923                     0.115E-13
924                     0.114E-13
925                     0.113E-13
926                     0.112E-13
927                     0.111E-13
928                     0.110E-13
929                     0.109E-13
930                     0.108E-13
931                     0.107E-13
932                     0.106E-13
933                     0.105E-13
934                     0.103E-13
935                     0.102E-13
936                     0.101E-13
937                     0.100E-13
938                     0.995E-14
939                     0.986E-14
940                     0.976E-14
941                     0.966E-14
942                     0.957E-14
943                     0.948E-14
944                     0.939E-14
945                     0.930E-14
946                     0.921E-14
947                     0.912E-14
948                     0.903E-14
949                     0.894E-14
950                     0.886E-14
951                     0.877E-14
952                     0.869E-14
953                     0.861E-14
954                     0.853E-14
955                     0.845E-14
956                     0.837E-14
957                     0.829E-14
958                     0.822E-14
959                     0.814E-14
960                     0.807E-14
961                     0.800E-14
962                     0.793E-14
963                     0.786E-14
964                     0.779E-14
965                     0.772E-14
966                     0.765E-14
967                     0.759E-14
968                     0.752E-14
969                     0.746E-14
970                     0.740E-14
971                     0.734E-14
972                     0.728E-14
973                     0.722E-14
974                     0.716E-14
975                     0.711E-14
976                     0.705E-14
977                     0.700E-14
978                     0.695E-14
979                     0.690E-14
980                     0.685E-14
981                     0.680E-14
982                     0.675E-14
983                     0.670E-14
984                     0.666E-14
985                     0.661E-14
986                     0.657E-14
987                     0.653E-14
988                     0.649E-14
989                     0.645E-14
990                     0.641E-14
991                     0.637E-14
992                     0.633E-14
993                     0.630E-14
994                     0.626E-14
995                     0.623E-14
996                     0.620E-14
997                     0.617E-14
998                     0.614E-14
999                     0.611E-14
***                     0.608E-14
