   01 0.0000000E+00
   02 0.0000000E+00
   03 0.1903882E+07
   04 0.1927627E+06
   05 0.0000000E+00
   06 0.1727159E+07
   07 0.0000000E+00
   08 0.8773602E+07
   09 0.2169534E+07
   10 0.1057937E+07
   11 0.0000000E+00
   12 0.5003199E+07
   13 0.7664376E+07
   14 0.0000000E+00
   15 0.4843366E+07
   16 0.4173336E+07
   17 0.1467041E+07
   18 0.3247899E+07
   19 0.6931545E+07
   20 0.9792731E+07
   21 0.4813883E+07
   22 0.4582331E+07
   23 0.5636167E+07
   24 0.5497863E+07
   25 0.2792780E+07
   26 0.3620551E+07
   27 0.8344344E+07
   28 0.4702428E+07
   29 0.1100161E+08
   30 0.4762523E+07
   31 0.3218982E+07
   32 0.4949018E+07
   33 0.4603062E+07
   34 0.4669374E+07
   35 0.8019684E+07
   36 0.5444996E+07
   37 0.3137593E+07
   38 0.3892194E+07
   39 0.3252318E+07
   40 0.3199160E+07
   41 0.4116845E+07
   42 0.7662448E+07
   43 0.1189358E+08
   44 0.5098733E+07
   45 0.4509900E+07
   46 0.4297361E+07
   47 0.1785922E+07
   48 0.4334778E+07
   49 0.6467247E+07
   50 0.3007867E+07
   51 0.5097461E+07
   52 0.3883836E+07
   53 0.3411065E+07
   54 0.5138442E+07
   55 0.5124630E+07
   56 0.4330053E+07
   57 0.4995516E+07
   58 0.5994028E+07
   59 0.4272935E+07
   60 0.5211321E+07
   61 0.4746416E+07
   62 0.3517115E+07
   63 0.6686814E+07
   64 0.4332733E+07
   65 0.4493479E+07
   66 0.3614208E+07
   67 0.6190534E+07
   68 0.6968032E+07
   69 0.4889588E+07
   70 0.4325517E+07
   71 0.4502873E+07
   72 0.4400084E+07
   73 0.5104623E+07
   74 0.4028130E+07
   75 0.4859256E+07
   76 0.4674062E+07
   77 0.4659533E+07
   78 0.5225330E+07
   79 0.4681067E+07
   80 0.3634977E+07
   81 0.4924735E+07
   82 0.4479731E+07
   83 0.3483472E+07
   84 0.4231393E+07
   85 0.4726652E+07
   86 0.5218927E+07
   87 0.3661268E+07
   88 0.4830867E+07
   89 0.3890252E+07
   90 0.5152382E+07
   91 0.5659247E+07
   92 0.3774856E+07
   93 0.4467616E+07
   94 0.3992272E+07
   95 0.4587046E+07
   96 0.5327775E+07
   97 0.4138464E+07
   98 0.4181071E+07
   99 0.3558501E+07
  100 0.4579224E+07
  101 0.3587065E+07
  102 0.5261597E+07
  103 0.3576403E+07
  104 0.5116972E+07
  105 0.3883013E+07
  106 0.4321480E+07
  107 0.3472905E+07
  108 0.3974087E+07
  109 0.4617930E+07
  110 0.3611685E+07
  111 0.3515565E+07
  112 0.4602699E+07
  113 0.2389572E+07
  114 0.3575550E+07
  115 0.4554587E+07
  116 0.2973210E+07
  117 0.3184988E+07
  118 0.3493178E+07
  119 0.4153882E+07
  120 0.3411927E+07
  121 0.5011952E+07
  122 0.3596022E+07
  123 0.3610989E+07
  124 0.2128239E+07
  125 0.3738034E+07
  126 0.3567165E+07
  127 0.4018219E+07
  128 0.5124698E+07
  129 0.3830410E+07
  130 0.2774847E+07
  131 0.3713448E+07
  132 0.3234924E+07
  133 0.4389947E+07
  134 0.2986819E+07
  135 0.3364802E+07
  136 0.3958921E+07
  137 0.3419402E+07
  138 0.3817806E+07
  139 0.3647338E+07
  140 0.3072223E+07
  141 0.3876627E+07
  142 0.3153365E+07
  143 0.2274640E+07
  144 0.3019008E+07
  145 0.4179956E+07
  146 0.3225060E+07
  147 0.2892672E+07
  148 0.2781475E+07
  149 0.2428416E+07
  150 0.3077621E+07
  151 0.3776176E+07
  152 0.2571377E+07
  153 0.3117629E+07
  154 0.2613398E+07
  155 0.2858783E+07
  156 0.2679602E+07
  157 0.2806258E+07
  158 0.3300086E+07
  159 0.2720432E+07
  160 0.3174434E+07
  161 0.2477348E+07
  162 0.3133442E+07
  163 0.3793935E+07
  164 0.3312327E+07
  165 0.3084984E+07
  166 0.3046168E+07
  167 0.2830589E+07
  168 0.3260948E+07
  169 0.2968866E+07
  170 0.3173293E+07
  171 0.2834079E+07
  172 0.2514579E+07
  173 0.2740557E+07
  174 0.2616273E+07
  175 0.2648517E+07
  176 0.2489308E+07
  177 0.2099929E+07
  178 0.2438089E+07
  179 0.2910386E+07
  180 0.2692609E+07
  181 0.2772201E+07
  182 0.2920860E+07
  183 0.2637072E+07
  184 0.2766162E+07
  185 0.2696882E+07
  186 0.2606823E+07
  187 0.2104592E+07
  188 0.2892561E+07
  189 0.2388237E+07
  190 0.2912336E+07
  191 0.1996949E+07
  192 0.2709792E+07
  193 0.3318934E+07
  194 0.2088740E+07
  195 0.2801964E+07
  196 0.2078339E+07
  197 0.2131885E+07
  198 0.2569607E+07
  199 0.2088845E+07
  200 0.2908668E+07
  201 0.2200414E+07
  202 0.2511313E+07
  203 0.2103402E+07
  204 0.2374971E+07
  205 0.2115734E+07
  206 0.2616268E+07
  207 0.2174260E+07
  208 0.2180618E+07
  209 0.2232695E+07
  210 0.2215037E+07
  211 0.2421642E+07
  212 0.2342277E+07
  213 0.2135446E+07
  214 0.2085233E+07
  215 0.2000335E+07
  216 0.2330276E+07
  217 0.2213826E+07
  218 0.1914889E+07
  219 0.1889275E+07
  220 0.2190820E+07
  221 0.2247477E+07
  222 0.2199309E+07
  223 0.1414086E+07
  224 0.2037019E+07
  225 0.2363223E+07
  226 0.2032786E+07
  227 0.2229206E+07
  228 0.2061406E+07
  229 0.2301583E+07
  230 0.1677814E+07
  231 0.2157866E+07
  232 0.2125731E+07
  233 0.1919013E+07
  234 0.1885145E+07
  235 0.2021895E+07
  236 0.1846071E+07
  237 0.1886730E+07
  238 0.2429517E+07
  239 0.2135101E+07
  240 0.1863516E+07
  241 0.1964854E+07
  242 0.1753371E+07
  243 0.1979985E+07
  244 0.1744451E+07
  245 0.2204629E+07
  246 0.1923638E+07
  247 0.1775330E+07
  248 0.2376348E+07
  249 0.1951351E+07
  250 0.1880922E+07
  251 0.2049025E+07
  252 0.1553900E+07
  253 0.1365828E+07
  254 0.1678517E+07
  255 0.1890074E+07
  256 0.1691960E+07
  257 0.1835712E+07
  258 0.2205386E+07
  259 0.1753175E+07
  260 0.1669861E+07
  261 0.2159535E+07
  262 0.1846425E+07
  263 0.1732198E+07
  264 0.1558512E+07
  265 0.1907426E+07
  266 0.1169451E+07
  267 0.1839025E+07
  268 0.1947246E+07
  269 0.1643207E+07
  270 0.1889799E+07
  271 0.1785577E+07
  272 0.1719890E+07
  273 0.1956027E+07
  274 0.1768870E+07
  275 0.1576377E+07
  276 0.1906409E+07
  277 0.1445871E+07
  278 0.1636428E+07
  279 0.1516013E+07
  280 0.1616284E+07
  281 0.1467979E+07
  282 0.1518215E+07
  283 0.1690859E+07
  284 0.1527114E+07
  285 0.1671040E+07
  286 0.1634375E+07
  287 0.1262492E+07
  288 0.1758138E+07
  289 0.1484270E+07
  290 0.1290928E+07
  291 0.1573490E+07
  292 0.1409499E+07
  293 0.1351202E+07
  294 0.1426345E+07
  295 0.1530149E+07
  296 0.1492428E+07
  297 0.1259551E+07
  298 0.1373507E+07
  299 0.1538444E+07
  300 0.1546264E+07
  301 0.1512683E+07
  302 0.1710490E+07
  303 0.1479563E+07
  304 0.1764725E+07
  305 0.1617359E+07
  306 0.1605080E+07
  307 0.1295441E+07
  308 0.1238849E+07
  309 0.1179299E+07
  310 0.1402649E+07
  311 0.1365473E+07
  312 0.1335685E+07
  313 0.1291929E+07
  314 0.1230225E+07
  315 0.1331555E+07
  316 0.1542933E+07
  317 0.1664567E+07
  318 0.1237684E+07
  319 0.1460284E+07
  320 0.1492885E+07
  321 0.1469067E+07
  322 0.1236743E+07
  323 0.1515127E+07
  324 0.1509953E+07
  325 0.1369150E+07
  326 0.1354573E+07
  327 0.1301596E+07
  328 0.1258333E+07
  329 0.1448927E+07
  330 0.1284399E+07
  331 0.1305277E+07
  332 0.1244058E+07
  333 0.1281528E+07
  334 0.1314904E+07
  335 0.1302424E+07
  336 0.1315891E+07
  337 0.1319328E+07
  338 0.1333705E+07
  339 0.1249739E+07
  340 0.1389573E+07
  341 0.1290780E+07
  342 0.1288566E+07
  343 0.1234209E+07
  344 0.1198583E+07
  345 0.1257203E+07
  346 0.1168328E+07
  347 0.1475415E+07
  348 0.1158993E+07
  349 0.1318673E+07
  350 0.1247519E+07
  351 0.1065298E+07
  352 0.1140783E+07
  353 0.1466831E+07
  354 0.1306693E+07
  355 0.1304333E+07
  356 0.1290996E+07
  357 0.1155905E+07
  358 0.1281713E+07
  359 0.1375699E+07
  360 0.1183198E+07
  361 0.1054611E+07
  362 0.1233245E+07
  363 0.1232805E+07
  364 0.1014233E+07
  365 0.1380200E+07
  366 0.1217369E+07
  367 0.1273881E+07
  368 0.1187727E+07
  369 0.1247449E+07
  370 0.1125665E+07
  371 0.1193620E+07
  372 0.1043004E+07
  373 0.1234402E+07
  374 0.1170427E+07
  375 0.1120653E+07
  376 0.1048674E+07
  377 0.1175959E+07
  378 0.1006687E+07
  379 0.9582747E+06
  380 0.1190189E+07
  381 0.1069510E+07
  382 0.1070056E+07
  383 0.1113133E+07
  384 0.9857438E+06
  385 0.1040068E+07
  386 0.1066652E+07
  387 0.1134329E+07
  388 0.1009540E+07
  389 0.1214540E+07
  390 0.1092958E+07
  391 0.9421441E+06
  392 0.9568192E+06
  393 0.9999325E+06
  394 0.1040197E+07
  395 0.1121337E+07
  396 0.9932781E+06
  397 0.1074387E+07
  398 0.1071317E+07
  399 0.1141694E+07
  400 0.1073738E+07
  401 0.9422653E+06
  402 0.1043152E+07
  403 0.9542233E+06
  404 0.8858490E+06
  405 0.1026996E+07
  406 0.1017857E+07
  407 0.1009317E+07
  408 0.9168458E+06
  409 0.1157116E+07
  410 0.1077847E+07
  411 0.1099861E+07
  412 0.1049214E+07
  413 0.1032086E+07
  414 0.1026734E+07
  415 0.9871637E+06
  416 0.8718736E+06
  417 0.9888051E+06
  418 0.9794014E+06
  419 0.9702046E+06
  420 0.9279618E+06
  421 0.9709948E+06
  422 0.8650759E+06
  423 0.8680952E+06
  424 0.9322822E+06
  425 0.9161587E+06
  426 0.8656980E+06
  427 0.1064704E+07
  428 0.9346081E+06
  429 0.1076718E+07
  430 0.8958084E+06
  431 0.7910208E+06
  432 0.9076586E+06
  433 0.7312554E+06
  434 0.9133035E+06
  435 0.9027125E+06
  436 0.7650596E+06
  437 0.8814376E+06
  438 0.1004324E+07
  439 0.8517636E+06
  440 0.7808436E+06
  441 0.9113034E+06
  442 0.8333362E+06
  443 0.8763795E+06
  444 0.9876820E+06
  445 0.8579959E+06
  446 0.9305567E+06
  447 0.9408757E+06
  448 0.9752686E+06
  449 0.9630523E+06
  450 0.7268381E+06
  451 0.8385982E+06
  452 0.8958693E+06
  453 0.8059305E+06
  454 0.8636207E+06
  455 0.8739618E+06
  456 0.8667497E+06
  457 0.9107742E+06
  458 0.8503912E+06
  459 0.7730300E+06
  460 0.9042875E+06
  461 0.7627304E+06
  462 0.7896746E+06
  463 0.9299466E+06
  464 0.8836802E+06
  465 0.8707960E+06
  466 0.7515986E+06
  467 0.8501479E+06
  468 0.7510081E+06
  469 0.8523797E+06
  470 0.8677444E+06
  471 0.7343896E+06
  472 0.7549700E+06
  473 0.8113421E+06
  474 0.8331283E+06
  475 0.7079080E+06
  476 0.8114071E+06
  477 0.7442864E+06
  478 0.7569527E+06
  479 0.7308100E+06
  480 0.8901092E+06
  481 0.7271428E+06
  482 0.7313736E+06
  483 0.7119908E+06
  484 0.6976867E+06
  485 0.8303785E+06
  486 0.7318843E+06
  487 0.6561878E+06
  488 0.6905495E+06
  489 0.7533065E+06
  490 0.8904589E+06
  491 0.7695608E+06
  492 0.7663864E+06
  493 0.7639847E+06
  494 0.8001805E+06
  495 0.7135524E+06
  496 0.6784536E+06
  497 0.7408815E+06
  498 0.7075431E+06
  499 0.7864251E+06
  500 0.8134071E+06
  501 0.7288045E+06
  502 0.6904772E+06
  503 0.8086127E+06
  504 0.7615606E+06
  505 0.7710977E+06
  506 0.7032086E+06
  507 0.6690146E+06
  508 0.7686969E+06
  509 0.7727211E+06
  510 0.7626096E+06
  511 0.6648938E+06
  512 0.7527410E+06
  513 0.8029795E+06
  514 0.6793282E+06
  515 0.7467237E+06
  516 0.6989826E+06
  517 0.7260042E+06
  518 0.6641856E+06
  519 0.7279842E+06
  520 0.6435806E+06
  521 0.7314145E+06
  522 0.6208600E+06
  523 0.6542155E+06
  524 0.7012193E+06
  525 0.7684415E+06
  526 0.6698943E+06
  527 0.7260939E+06
  528 0.6871615E+06
  529 0.7167947E+06
  530 0.7353544E+06
  531 0.6510987E+06
  532 0.6604071E+06
  533 0.6356217E+06
  534 0.7146583E+06
  535 0.6841097E+06
  536 0.7147389E+06
  537 0.6786334E+06
  538 0.6789760E+06
  539 0.6510654E+06
  540 0.6824267E+06
  541 0.6954760E+06
  542 0.6664639E+06
  543 0.6603394E+06
  544 0.6705206E+06
  545 0.6897587E+06
  546 0.7208981E+06
  547 0.6553324E+06
  548 0.5513177E+06
  549 0.6003385E+06
  550 0.6252969E+06
  551 0.6689460E+06
  552 0.6223826E+06
  553 0.5755862E+06
  554 0.6078985E+06
  555 0.6540807E+06
  556 0.5119227E+06
  557 0.6509219E+06
  558 0.5567575E+06
  559 0.6114805E+06
  560 0.5359706E+06
  561 0.6802502E+06
  562 0.5442792E+06
  563 0.6143145E+06
  564 0.6118330E+06
  565 0.6465946E+06
  566 0.6379651E+06
  567 0.5568338E+06
  568 0.6703447E+06
  569 0.6217595E+06
  570 0.5985183E+06
  571 0.6298619E+06
  572 0.5804769E+06
  573 0.6381614E+06
  574 0.6142436E+06
  575 0.5807781E+06
  576 0.6031465E+06
  577 0.5483046E+06
  578 0.5142341E+06
  579 0.5977896E+06
  580 0.5499521E+06
  581 0.5309568E+06
  582 0.5580341E+06
  583 0.5894627E+06
  584 0.6054022E+06
  585 0.5699641E+06
  586 0.5824182E+06
  587 0.6747334E+06
  588 0.5963601E+06
  589 0.5944010E+06
  590 0.5804753E+06
  591 0.5295872E+06
  592 0.5613685E+06
  593 0.5893134E+06
  594 0.5493049E+06
  595 0.5022951E+06
  596 0.6020013E+06
  597 0.5162274E+06
  598 0.5265403E+06
  599 0.5685328E+06
  600 0.5176597E+06
  601 0.5330357E+06
  602 0.5011377E+06
  603 0.6258164E+06
  604 0.5236455E+06
  605 0.4962575E+06
  606 0.5551599E+06
  607 0.5584380E+06
  608 0.6107331E+06
  609 0.5740505E+06
  610 0.5105288E+06
  611 0.5445462E+06
  612 0.4744145E+06
  613 0.5290772E+06
  614 0.5253038E+06
  615 0.4860791E+06
  616 0.4625586E+06
  617 0.5673151E+06
  618 0.4948248E+06
  619 0.5560519E+06
  620 0.4844550E+06
  621 0.5100012E+06
  622 0.4837730E+06
  623 0.5049153E+06
  624 0.5222026E+06
  625 0.5166878E+06
  626 0.5037398E+06
  627 0.5214988E+06
  628 0.4926308E+06
  629 0.5282581E+06
  630 0.5022085E+06
  631 0.4407722E+06
  632 0.5286390E+06
  633 0.5350705E+06
  634 0.5324889E+06
  635 0.5393440E+06
  636 0.4686692E+06
  637 0.4750202E+06
  638 0.5058537E+06
  639 0.5100957E+06
  640 0.5332670E+06
  641 0.4717366E+06
  642 0.4262711E+06
  643 0.4849033E+06
  644 0.5028084E+06
  645 0.4574060E+06
  646 0.4847953E+06
  647 0.5052263E+06
  648 0.4696424E+06
  649 0.4759778E+06
  650 0.4777229E+06
  651 0.4750519E+06
  652 0.4432495E+06
  653 0.4987947E+06
  654 0.4753442E+06
  655 0.4832395E+06
  656 0.4826314E+06
  657 0.4502727E+06
  658 0.4771746E+06
  659 0.5025432E+06
  660 0.4861818E+06
  661 0.4567660E+06
  662 0.4474129E+06
  663 0.4562526E+06
  664 0.4386975E+06
  665 0.4398171E+06
  666 0.4668845E+06
  667 0.4365793E+06
  668 0.4548229E+06
  669 0.5255857E+06
  670 0.4429876E+06
  671 0.4527552E+06
  672 0.4325376E+06
  673 0.4476791E+06
  674 0.4575243E+06
  675 0.4626662E+06
  676 0.4528777E+06
  677 0.4623328E+06
  678 0.4813752E+06
  679 0.4198461E+06
  680 0.4747073E+06
  681 0.4982742E+06
  682 0.4449534E+06
  683 0.5011384E+06
  684 0.4439501E+06
  685 0.3750485E+06
  686 0.3893944E+06
  687 0.4539029E+06
  688 0.4568384E+06
  689 0.4821720E+06
  690 0.4400444E+06
  691 0.4630278E+06
  692 0.4378078E+06
  693 0.4316444E+06
  694 0.4494820E+06
  695 0.4381150E+06
  696 0.3882013E+06
  697 0.4023597E+06
  698 0.4308961E+06
  699 0.4310982E+06
  700 0.4265763E+06
  701 0.4129918E+06
  702 0.4507512E+06
  703 0.4309385E+06
  704 0.4748601E+06
  705 0.3795938E+06
  706 0.3995650E+06
  707 0.4303334E+06
  708 0.3861724E+06
  709 0.4355426E+06
  710 0.4077001E+06
  711 0.4034903E+06
  712 0.3701208E+06
  713 0.4887098E+06
  714 0.4209951E+06
  715 0.3604319E+06
  716 0.4218358E+06
  717 0.4137682E+06
  718 0.4086370E+06
  719 0.3966990E+06
  720 0.3950855E+06
  721 0.3771179E+06
  722 0.3961349E+06
  723 0.4056861E+06
  724 0.4096960E+06
  725 0.4188300E+06
  726 0.3997940E+06
  727 0.4318038E+06
  728 0.4384603E+06
  729 0.3658942E+06
  730 0.3773164E+06
  731 0.4029140E+06
  732 0.4404665E+06
  733 0.3692005E+06
  734 0.3591891E+06
  735 0.4008120E+06
  736 0.4020946E+06
  737 0.3678438E+06
  738 0.3883654E+06
  739 0.3631445E+06
  740 0.4083159E+06
  741 0.4059353E+06
  742 0.4381580E+06
  743 0.3885011E+06
  744 0.3779401E+06
  745 0.3396618E+06
  746 0.4078371E+06
  747 0.4126582E+06
  748 0.4097316E+06
  749 0.3580353E+06
  750 0.3584169E+06
  751 0.3756540E+06
  752 0.3430714E+06
  753 0.3700549E+06
  754 0.3436671E+06
  755 0.3643916E+06
  756 0.3471882E+06
  757 0.3450879E+06
  758 0.3481661E+06
  759 0.3640228E+06
  760 0.3785071E+06
  761 0.3505815E+06
  762 0.3675624E+06
  763 0.3555180E+06
  764 0.3708020E+06
  765 0.3568533E+06
  766 0.3825946E+06
  767 0.3603533E+06
  768 0.3700471E+06
  769 0.3242394E+06
  770 0.3988629E+06
  771 0.3893654E+06
  772 0.3835455E+06
  773 0.3679168E+06
  774 0.3736528E+06
  775 0.3699884E+06
  776 0.3225113E+06
  777 0.3826839E+06
  778 0.3313246E+06
  779 0.3195746E+06
  780 0.3803424E+06
  781 0.3311764E+06
  782 0.3644555E+06
  783 0.3882691E+06
  784 0.3696114E+06
  785 0.3253540E+06
  786 0.3876938E+06
  787 0.3877391E+06
  788 0.3334511E+06
  789 0.3560168E+06
  790 0.3382456E+06
  791 0.3662155E+06
  792 0.3493306E+06
  793 0.3594065E+06
  794 0.3705926E+06
  795 0.3210527E+06
  796 0.3888798E+06
  797 0.3535677E+06
  798 0.3207588E+06
  799 0.2977628E+06
  800 0.3233140E+06
  801 0.3473095E+06
  802 0.3276255E+06
  803 0.3358867E+06
  804 0.3319051E+06
  805 0.3019307E+06
  806 0.3285505E+06
  807 0.3494655E+06
  808 0.3161628E+06
  809 0.3443675E+06
  810 0.3543150E+06
  811 0.3341540E+06
  812 0.3238889E+06
  813 0.3108594E+06
  814 0.3742586E+06
  815 0.3230637E+06
  816 0.3102669E+06
  817 0.3037464E+06
  818 0.3125874E+06
  819 0.2859979E+06
  820 0.3100200E+06
  821 0.3063808E+06
  822 0.3500408E+06
  823 0.3583201E+06
  824 0.3497090E+06
  825 0.3285769E+06
  826 0.3134144E+06
  827 0.3113420E+06
  828 0.3616554E+06
  829 0.3311896E+06
  830 0.3388032E+06
  831 0.3289565E+06
  832 0.3101838E+06
  833 0.3283507E+06
  834 0.3294053E+06
  835 0.3121939E+06
  836 0.3113282E+06
  837 0.3053924E+06
  838 0.3133634E+06
  839 0.3317668E+06
  840 0.3199070E+06
  841 0.3355734E+06
  842 0.2999177E+06
  843 0.3205967E+06
  844 0.2884705E+06
  845 0.3025744E+06
  846 0.2946702E+06
  847 0.3101781E+06
  848 0.3168814E+06
  849 0.2811943E+06
  850 0.3086264E+06
  851 0.2963048E+06
  852 0.2898500E+06
  853 0.2987234E+06
  854 0.3190601E+06
  855 0.3243602E+06
  856 0.2792405E+06
  857 0.2822921E+06
  858 0.3057488E+06
  859 0.3054961E+06
  860 0.3026549E+06
  861 0.2780565E+06
  862 0.2997962E+06
  863 0.3010182E+06
  864 0.2824314E+06
  865 0.3021384E+06
  866 0.2879552E+06
  867 0.2987880E+06
  868 0.3229893E+06
  869 0.2967119E+06
  870 0.2774866E+06
  871 0.2946232E+06
  872 0.3056648E+06
  873 0.2672159E+06
  874 0.2849311E+06
  875 0.2947667E+06
  876 0.2932260E+06
  877 0.3008291E+06
  878 0.2832657E+06
  879 0.2765211E+06
  880 0.2774781E+06
  881 0.2773653E+06
  882 0.2984567E+06
  883 0.2754379E+06
  884 0.2992769E+06
  885 0.2953431E+06
  886 0.2601657E+06
  887 0.2623830E+06
  888 0.2898602E+06
  889 0.2787345E+06
  890 0.3094386E+06
  891 0.2763438E+06
  892 0.2553829E+06
  893 0.2854956E+06
  894 0.3009897E+06
  895 0.2748699E+06
  896 0.2982794E+06
  897 0.2774055E+06
  898 0.2707427E+06
  899 0.2464936E+06
  900 0.2604332E+06
  901 0.2682261E+06
  902 0.2581029E+06
  903 0.2721906E+06
  904 0.2781765E+06
  905 0.2768874E+06
  906 0.2549471E+06
  907 0.2735271E+06
  908 0.2708479E+06
  909 0.2629045E+06
  910 0.2593729E+06
  911 0.2732448E+06
  912 0.2751607E+06
  913 0.2813535E+06
  914 0.2737997E+06
  915 0.2960606E+06
  916 0.2706716E+06
  917 0.2608115E+06
  918 0.2484803E+06
  919 0.2820804E+06
  920 0.2593562E+06
  921 0.2760915E+06
  922 0.2799732E+06
  923 0.2517133E+06
  924 0.2723682E+06
  925 0.2417514E+06
  926 0.2616631E+06
  927 0.2338493E+06
  928 0.2622943E+06
  929 0.2412289E+06
  930 0.2398237E+06
  931 0.2581174E+06
  932 0.2738298E+06
  933 0.2447115E+06
  934 0.2724785E+06
  935 0.2580080E+06
  936 0.2423103E+06
  937 0.2537701E+06
  938 0.2447253E+06
  939 0.2493485E+06
  940 0.2766497E+06
  941 0.2625752E+06
  942 0.2378643E+06
  943 0.2437443E+06
  944 0.2621469E+06
  945 0.2492631E+06
  946 0.2553328E+06
  947 0.2453101E+06
  948 0.2662823E+06
  949 0.2645507E+06
  950 0.2406847E+06
  951 0.2500837E+06
  952 0.2248265E+06
  953 0.2822378E+06
  954 0.2394099E+06
  955 0.2500110E+06
  956 0.2393216E+06
  957 0.2407904E+06
  958 0.2764404E+06
  959 0.2270517E+06
  960 0.2374175E+06
  961 0.2508467E+06
  962 0.2298967E+06
  963 0.2424124E+06
  964 0.2425179E+06
  965 0.2481031E+06
  966 0.2437357E+06
  967 0.2621143E+06
  968 0.2584295E+06
  969 0.2544036E+06
  970 0.2370305E+06
  971 0.2500555E+06
  972 0.2311089E+06
  973 0.2325638E+06
  974 0.2714901E+06
  975 0.2340662E+06
  976 0.2639219E+06
  977 0.2358443E+06
  978 0.2373951E+06
  979 0.2394562E+06
  980 0.2375670E+06
  981 0.2295067E+06
  982 0.2496860E+06
  983 0.2266968E+06
  984 0.2090890E+06
  985 0.2330929E+06
  986 0.2602884E+06
  987 0.2170066E+06
  988 0.2305595E+06
  989 0.2251715E+06
  990 0.2386411E+06
  991 0.2246541E+06
  992 0.2269783E+06
  993 0.2284163E+06
  994 0.2209061E+06
  995 0.2163168E+06
  996 0.2280005E+06
  997 0.2334395E+06
  998 0.2343893E+06
  999 0.2150869E+06
 1000 0.2388872E+06
 1001 0.2112867E+06
 1002 0.2362608E+06
 1003 0.2233490E+06
 1004 0.2162009E+06
 1005 0.2254530E+06
 1006 0.2195776E+06
 1007 0.2188714E+06
 1008 0.2266387E+06
 1009 0.2288153E+06
 1010 0.2406110E+06
 1011 0.2118989E+06
 1012 0.2333939E+06
 1013 0.2274400E+06
 1014 0.2126928E+06
 1015 0.2200474E+06
 1016 0.2127276E+06
 1017 0.2412849E+06
 1018 0.2293631E+06
 1019 0.2269795E+06
 1020 0.2227633E+06
 1021 0.2252647E+06
 1022 0.2056003E+06
 1023 0.2277865E+06
 1024 0.1986033E+06
 1025 0.2131100E+06
 1026 0.2161889E+06
 1027 0.2288507E+06
 1028 0.2132693E+06
 1029 0.2020753E+06
 1030 0.2188619E+06
 1031 0.2018683E+06
 1032 0.2094824E+06
 1033 0.1995225E+06
 1034 0.2054906E+06
 1035 0.2013924E+06
 1036 0.1884896E+06
 1037 0.2073593E+06
 1038 0.1972818E+06
 1039 0.2324914E+06
 1040 0.2102950E+06
 1041 0.2121581E+06
 1042 0.2249466E+06
 1043 0.1972542E+06
 1044 0.2073963E+06
 1045 0.2031350E+06
 1046 0.2231159E+06
 1047 0.1910664E+06
 1048 0.2117343E+06
 1049 0.2013407E+06
 1050 0.2124340E+06
 1051 0.2059257E+06
 1052 0.2168738E+06
 1053 0.1940602E+06
 1054 0.2142458E+06
 1055 0.2180487E+06
 1056 0.2017865E+06
 1057 0.2033644E+06
 1058 0.2079149E+06
 1059 0.1914974E+06
 1060 0.1985696E+06
 1061 0.2101412E+06
 1062 0.2090738E+06
 1063 0.2168022E+06
 1064 0.2027447E+06
 1065 0.1917763E+06
 1066 0.2093637E+06
 1067 0.1933858E+06
 1068 0.1907866E+06
 1069 0.2056175E+06
 1070 0.1905294E+06
 1071 0.2005845E+06
 1072 0.1885933E+06
 1073 0.2075736E+06
 1074 0.2102176E+06
 1075 0.1951459E+06
 1076 0.2159550E+06
 1077 0.1874546E+06
 1078 0.2034705E+06
 1079 0.1797849E+06
 1080 0.2008599E+06
 1081 0.1823118E+06
 1082 0.2022636E+06
 1083 0.1968668E+06
 1084 0.1995660E+06
 1085 0.1973828E+06
 1086 0.2053689E+06
 1087 0.1900259E+06
 1088 0.1915600E+06
 1089 0.1963961E+06
 1090 0.1958483E+06
 1091 0.1826167E+06
 1092 0.1856711E+06
 1093 0.1833903E+06
 1094 0.1922846E+06
 1095 0.1880471E+06
 1096 0.1789646E+06
 1097 0.1741922E+06
 1098 0.1826723E+06
 1099 0.1900209E+06
 1100 0.1896555E+06
 1101 0.1903393E+06
 1102 0.1765803E+06
 1103 0.1958253E+06
 1104 0.1805982E+06
 1105 0.1832325E+06
 1106 0.1754830E+06
 1107 0.1874506E+06
 1108 0.1920070E+06
 1109 0.1714853E+06
 1110 0.1956685E+06
 1111 0.1961458E+06
 1112 0.1926973E+06
 1113 0.1894507E+06
 1114 0.1933839E+06
 1115 0.1914300E+06
 1116 0.1952657E+06
 1117 0.1963642E+06
 1118 0.2016640E+06
 1119 0.1790473E+06
 1120 0.1730507E+06
 1121 0.1834750E+06
 1122 0.1841681E+06
 1123 0.1906302E+06
 1124 0.1844185E+06
 1125 0.1796988E+06
 1126 0.1832314E+06
 1127 0.1776016E+06
 1128 0.1762898E+06
 1129 0.1868355E+06
 1130 0.1685416E+06
 1131 0.1799841E+06
 1132 0.1774407E+06
 1133 0.1904615E+06
 1134 0.1684017E+06
 1135 0.1843650E+06
 1136 0.1769610E+06
 1137 0.1747666E+06
 1138 0.1795509E+06
 1139 0.1767475E+06
 1140 0.1704116E+06
 1141 0.1765969E+06
 1142 0.1782696E+06
 1143 0.1758915E+06
 1144 0.1756025E+06
 1145 0.1622776E+06
 1146 0.1641986E+06
 1147 0.1731139E+06
 1148 0.1740408E+06
 1149 0.1651806E+06
 1150 0.1720412E+06
 1151 0.1647621E+06
 1152 0.1645532E+06
 1153 0.1678919E+06
 1154 0.1654172E+06
 1155 0.1821679E+06
 1156 0.1534946E+06
 1157 0.1811939E+06
 1158 0.1818136E+06
 1159 0.1688286E+06
 1160 0.1782882E+06
 1161 0.1694206E+06
 1162 0.1653315E+06
 1163 0.1847841E+06
 1164 0.1678808E+06
 1165 0.1756186E+06
 1166 0.1626860E+06
 1167 0.1578311E+06
 1168 0.1470342E+06
 1169 0.1641460E+06
 1170 0.1628519E+06
 1171 0.1616948E+06
 1172 0.1676733E+06
 1173 0.1781166E+06
 1174 0.1678815E+06
 1175 0.1677973E+06
 1176 0.1759067E+06
 1177 0.1707787E+06
 1178 0.1621550E+06
 1179 0.1575180E+06
 1180 0.1806530E+06
 1181 0.1713734E+06
 1182 0.1619336E+06
 1183 0.1602592E+06
 1184 0.1711863E+06
 1185 0.1583992E+06
 1186 0.1813446E+06
 1187 0.1692246E+06
 1188 0.1767055E+06
 1189 0.1725912E+06
 1190 0.1580319E+06
 1191 0.1604863E+06
 1192 0.1564784E+06
 1193 0.1500825E+06
 1194 0.1646948E+06
 1195 0.1623319E+06
 1196 0.1686607E+06
 1197 0.1614734E+06
 1198 0.1573644E+06
 1199 0.1662057E+06
 1200 0.1565031E+06
 1201 0.1582142E+06
 1202 0.1541099E+06
 1203 0.1603784E+06
 1204 0.1515066E+06
 1205 0.1609996E+06
 1206 0.1539805E+06
 1207 0.1759486E+06
 1208 0.1633141E+06
 1209 0.1663311E+06
 1210 0.1627009E+06
 1211 0.1495954E+06
 1212 0.1440968E+06
 1213 0.1536505E+06
 1214 0.1558854E+06
 1215 0.1596831E+06
 1216 0.1437166E+06
 1217 0.1561779E+06
 1218 0.1703058E+06
 1219 0.1528267E+06
 1220 0.1427616E+06
 1221 0.1575420E+06
 1222 0.1627476E+06
 1223 0.1526756E+06
 1224 0.1385802E+06
 1225 0.1627652E+06
 1226 0.1625205E+06
 1227 0.1627051E+06
 1228 0.1440554E+06
 1229 0.1350012E+06
 1230 0.1437296E+06
 1231 0.1635710E+06
 1232 0.1574187E+06
 1233 0.1418160E+06
 1234 0.1507137E+06
 1235 0.1486251E+06
 1236 0.1470665E+06
 1237 0.1539029E+06
 1238 0.1532253E+06
 1239 0.1587144E+06
 1240 0.1629829E+06
 1241 0.1424489E+06
 1242 0.1422659E+06
 1243 0.1472223E+06
 1244 0.1355156E+06
 1245 0.1488922E+06
 1246 0.1630560E+06
 1247 0.1412266E+06
 1248 0.1457940E+06
 1249 0.1669161E+06
 1250 0.1265996E+06
 1251 0.1382671E+06
 1252 0.1507094E+06
 1253 0.1408731E+06
 1254 0.1333706E+06
 1255 0.1584956E+06
 1256 0.1476357E+06
 1257 0.1377360E+06
 1258 0.1409869E+06
 1259 0.1342086E+06
 1260 0.1445187E+06
 1261 0.1384835E+06
 1262 0.1420751E+06
 1263 0.1344575E+06
 1264 0.1450095E+06
 1265 0.1273126E+06
 1266 0.1351607E+06
 1267 0.1548481E+06
 1268 0.1482643E+06
 1269 0.1550686E+06
 1270 0.1540364E+06
 1271 0.1381624E+06
 1272 0.1360354E+06
 1273 0.1445122E+06
 1274 0.1297814E+06
 1275 0.1391305E+06
 1276 0.1352026E+06
 1277 0.1327612E+06
 1278 0.1362912E+06
 1279 0.1393705E+06
 1280 0.1331090E+06
 1281 0.1297406E+06
 1282 0.1405029E+06
 1283 0.1409217E+06
 1284 0.1484522E+06
 1285 0.1434825E+06
 1286 0.1427483E+06
 1287 0.1288492E+06
 1288 0.1524617E+06
 1289 0.1389763E+06
 1290 0.1381923E+06
 1291 0.1484112E+06
 1292 0.1337122E+06
 1293 0.1377145E+06
 1294 0.1429461E+06
 1295 0.1410968E+06
 1296 0.1398926E+06
 1297 0.1358026E+06
 1298 0.1399737E+06
 1299 0.1456111E+06
 1300 0.1288568E+06
 1301 0.1236755E+06
 1302 0.1298050E+06
 1303 0.1439644E+06
 1304 0.1324355E+06
 1305 0.1219011E+06
 1306 0.1315728E+06
 1307 0.1423601E+06
 1308 0.1284444E+06
 1309 0.1316107E+06
 1310 0.1245213E+06
 1311 0.1443572E+06
 1312 0.1249910E+06
 1313 0.1266376E+06
 1314 0.1327691E+06
 1315 0.1309585E+06
 1316 0.1216627E+06
 1317 0.1284829E+06
 1318 0.1282522E+06
 1319 0.1318306E+06
 1320 0.1275472E+06
 1321 0.1353603E+06
 1322 0.1301715E+06
 1323 0.1280980E+06
 1324 0.1304390E+06
 1325 0.1377196E+06
 1326 0.1324345E+06
 1327 0.1257568E+06
 1328 0.1292198E+06
 1329 0.1379959E+06
 1330 0.1223154E+06
 1331 0.1316366E+06
 1332 0.1290288E+06
 1333 0.1290957E+06
 1334 0.1283289E+06
 1335 0.1265477E+06
 1336 0.1282270E+06
 1337 0.1321346E+06
 1338 0.1210319E+06
 1339 0.1344373E+06
 1340 0.1140169E+06
 1341 0.1331856E+06
 1342 0.1201741E+06
 1343 0.1275486E+06
 1344 0.1268802E+06
 1345 0.1249589E+06
 1346 0.1185987E+06
 1347 0.1316059E+06
 1348 0.1098190E+06
 1349 0.1315336E+06
 1350 0.1250859E+06
 1351 0.1232063E+06
 1352 0.1338556E+06
 1353 0.1168495E+06
 1354 0.1282529E+06
 1355 0.1270317E+06
 1356 0.1291919E+06
 1357 0.1288212E+06
 1358 0.1358908E+06
 1359 0.1272035E+06
 1360 0.1300050E+06
 1361 0.1235449E+06
 1362 0.1241384E+06
 1363 0.1346565E+06
 1364 0.1156044E+06
 1365 0.1193123E+06
 1366 0.1137625E+06
 1367 0.1254248E+06
 1368 0.1212805E+06
 1369 0.1135560E+06
 1370 0.1165578E+06
 1371 0.1170742E+06
 1372 0.1229852E+06
 1373 0.1217068E+06
 1374 0.1182402E+06
 1375 0.1293707E+06
 1376 0.1236545E+06
 1377 0.1252224E+06
 1378 0.1271585E+06
 1379 0.1171016E+06
 1380 0.1169560E+06
 1381 0.1207962E+06
 1382 0.1126875E+06
 1383 0.1226497E+06
 1384 0.1009416E+06
 1385 0.1178358E+06
 1386 0.1148174E+06
 1387 0.1191525E+06
 1388 0.1219566E+06
 1389 0.1174447E+06
 1390 0.1158427E+06
 1391 0.1198806E+06
 1392 0.1257625E+06
 1393 0.1158319E+06
 1394 0.1165295E+06
 1395 0.1192624E+06
 1396 0.1159560E+06
 1397 0.1221323E+06
 1398 0.1120616E+06
 1399 0.1201920E+06
 1400 0.1210427E+06
 1401 0.1195482E+06
 1402 0.1071812E+06
 1403 0.1081050E+06
 1404 0.1133838E+06
 1405 0.1196959E+06
 1406 0.1089755E+06
 1407 0.1088032E+06
 1408 0.1099605E+06
 1409 0.1159805E+06
 1410 0.1193847E+06
 1411 0.1159664E+06
 1412 0.1160792E+06
 1413 0.1193579E+06
 1414 0.1105250E+06
 1415 0.1240237E+06
 1416 0.1188655E+06
 1417 0.1148237E+06
 1418 0.1062524E+06
 1419 0.1038648E+06
 1420 0.1178387E+06
 1421 0.1155013E+06
 1422 0.1162190E+06
 1423 0.1076330E+06
 1424 0.1088243E+06
 1425 0.1125865E+06
 1426 0.1158628E+06
 1427 0.1078131E+06
 1428 0.1172317E+06
 1429 0.1054245E+06
 1430 0.1163751E+06
 1431 0.1083875E+06
 1432 0.1171582E+06
 1433 0.1078942E+06
 1434 0.1170926E+06
 1435 0.1090927E+06
 1436 0.1128374E+06
 1437 0.1164905E+06
 1438 0.1057598E+06
 1439 0.1131430E+06
 1440 0.1118063E+06
 1441 0.1058862E+06
 1442 0.1165738E+06
 1443 0.1131371E+06
 1444 0.1029981E+06
 1445 0.1149714E+06
 1446 0.1063405E+06
 1447 0.1000998E+06
 1448 0.1036356E+06
 1449 0.1076999E+06
 1450 0.1101679E+06
 1451 0.1040247E+06
 1452 0.1066444E+06
 1453 0.1075105E+06
 1454 0.1151691E+06
 1455 0.1059160E+06
 1456 0.1078428E+06
 1457 0.1094798E+06
 1458 0.1091610E+06
 1459 0.1040564E+06
 1460 0.1088552E+06
 1461 0.1062007E+06
 1462 0.1153710E+06
 1463 0.9639277E+05
 1464 0.1071407E+06
 1465 0.1055798E+06
 1466 0.1038070E+06
 1467 0.1069910E+06
 1468 0.1091304E+06
 1469 0.1094405E+06
 1470 0.1014884E+06
 1471 0.1117548E+06
 1472 0.1010131E+06
 1473 0.1089927E+06
 1474 0.9646484E+05
 1475 0.1057114E+06
 1476 0.1007646E+06
 1477 0.1020357E+06
 1478 0.1118820E+06
 1479 0.1024613E+06
 1480 0.1048222E+06
 1481 0.1001052E+06
 1482 0.1080245E+06
 1483 0.1029016E+06
 1484 0.1110603E+06
 1485 0.1031852E+06
 1486 0.9809470E+05
 1487 0.1072554E+06
 1488 0.1026455E+06
 1489 0.1017414E+06
 1490 0.1010394E+06
 1491 0.1066904E+06
 1492 0.1133608E+06
 1493 0.9770119E+05
 1494 0.9790643E+05
 1495 0.1045469E+06
 1496 0.1088834E+06
 1497 0.1020025E+06
 1498 0.1104944E+06
 1499 0.1019279E+06
 1500 0.9733338E+05
 1501 0.9900587E+05
 1502 0.9800357E+05
 1503 0.1035148E+06
 1504 0.8914350E+05
 1505 0.9815060E+05
 1506 0.1043742E+06
 1507 0.9400616E+05
 1508 0.9210740E+05
 1509 0.9813723E+05
 1510 0.9770621E+05
 1511 0.1016538E+06
 1512 0.9572174E+05
 1513 0.1011071E+06
 1514 0.9980402E+05
 1515 0.9178681E+05
 1516 0.9568266E+05
 1517 0.9913058E+05
 1518 0.9269891E+05
 1519 0.1069533E+06
 1520 0.1032213E+06
 1521 0.9468833E+05
 1522 0.9994414E+05
 1523 0.9922189E+05
 1524 0.1017831E+06
 1525 0.9740504E+05
 1526 0.9239540E+05
 1527 0.9669270E+05
 1528 0.9252651E+05
 1529 0.9760158E+05
 1530 0.9515577E+05
 1531 0.9568929E+05
 1532 0.9713985E+05
 1533 0.9500297E+05
 1534 0.9304682E+05
 1535 0.1035780E+06
 1536 0.8964737E+05
 1537 0.9073388E+05
 1538 0.8741034E+05
 1539 0.8958924E+05
 1540 0.9510813E+05
 1541 0.1005663E+06
 1542 0.1049702E+06
 1543 0.1000932E+06
 1544 0.9635156E+05
 1545 0.1007228E+06
 1546 0.9150645E+05
 1547 0.9405152E+05
 1548 0.9748551E+05
 1549 0.9530228E+05
 1550 0.1021035E+06
 1551 0.9254589E+05
 1552 0.9159596E+05
 1553 0.9117572E+05
 1554 0.9372429E+05
 1555 0.9631153E+05
 1556 0.9100140E+05
 1557 0.9204106E+05
 1558 0.9359168E+05
 1559 0.8838725E+05
 1560 0.8622806E+05
 1561 0.9068863E+05
 1562 0.8708716E+05
 1563 0.9173592E+05
 1564 0.1002688E+06
 1565 0.9274796E+05
 1566 0.9087948E+05
 1567 0.9218963E+05
 1568 0.8715982E+05
 1569 0.8877977E+05
 1570 0.8847601E+05
 1571 0.9325676E+05
 1572 0.9647555E+05
 1573 0.9989503E+05
 1574 0.8805885E+05
 1575 0.9566552E+05
 1576 0.9184785E+05
 1577 0.9145233E+05
 1578 0.8776590E+05
 1579 0.8509026E+05
 1580 0.9027828E+05
 1581 0.8808486E+05
 1582 0.8838838E+05
 1583 0.8881982E+05
 1584 0.9038112E+05
 1585 0.9353882E+05
 1586 0.9080113E+05
 1587 0.8820745E+05
 1588 0.8280912E+05
 1589 0.9145681E+05
 1590 0.9419607E+05
 1591 0.9018452E+05
 1592 0.9183185E+05
 1593 0.9305733E+05
 1594 0.9645325E+05
 1595 0.8926961E+05
 1596 0.8591162E+05
 1597 0.8608443E+05
 1598 0.8804356E+05
 1599 0.8325514E+05
 1600 0.8918024E+05
 1601 0.8845690E+05
 1602 0.8650343E+05
 1603 0.8505325E+05
 1604 0.8809265E+05
 1605 0.8791964E+05
 1606 0.8139106E+05
 1607 0.8688828E+05
 1608 0.8555099E+05
 1609 0.9161531E+05
 1610 0.8378803E+05
 1611 0.8519915E+05
 1612 0.7807957E+05
 1613 0.7987875E+05
 1614 0.8558144E+05
 1615 0.8891141E+05
 1616 0.8590632E+05
 1617 0.8781639E+05
 1618 0.8036261E+05
 1619 0.7909481E+05
 1620 0.8645670E+05
 1621 0.8985775E+05
 1622 0.8382084E+05
 1623 0.8715261E+05
 1624 0.8181347E+05
 1625 0.9551539E+05
 1626 0.8817822E+05
 1627 0.7711516E+05
 1628 0.9022709E+05
 1629 0.8298796E+05
 1630 0.9005443E+05
 1631 0.8377208E+05
 1632 0.8740285E+05
 1633 0.8407150E+05
 1634 0.8011361E+05
 1635 0.8040927E+05
 1636 0.8880824E+05
 1637 0.8936534E+05
 1638 0.8292024E+05
 1639 0.8350199E+05
 1640 0.8679823E+05
 1641 0.7612180E+05
 1642 0.7713503E+05
 1643 0.7882052E+05
 1644 0.8931601E+05
 1645 0.7902050E+05
 1646 0.8030493E+05
 1647 0.8864619E+05
 1648 0.9384714E+05
 1649 0.8823385E+05
 1650 0.7431680E+05
 1651 0.8869742E+05
 1652 0.8338209E+05
 1653 0.8584908E+05
 1654 0.7537219E+05
 1655 0.8135017E+05
 1656 0.8367069E+05
 1657 0.7942408E+05
 1658 0.7537111E+05
 1659 0.7631664E+05
 1660 0.8166330E+05
 1661 0.8545162E+05
 1662 0.8714148E+05
 1663 0.7607114E+05
 1664 0.7238293E+05
 1665 0.8284944E+05
 1666 0.9045851E+05
 1667 0.8330276E+05
 1668 0.8034214E+05
 1669 0.8263567E+05
 1670 0.7865984E+05
 1671 0.7946089E+05
 1672 0.7592930E+05
 1673 0.7857897E+05
 1674 0.8195311E+05
 1675 0.7955037E+05
 1676 0.8622055E+05
 1677 0.7883031E+05
 1678 0.8187089E+05
 1679 0.7271739E+05
 1680 0.8320307E+05
 1681 0.8124431E+05
 1682 0.8042249E+05
 1683 0.7618484E+05
 1684 0.7669564E+05
 1685 0.8523308E+05
 1686 0.7161760E+05
 1687 0.7419761E+05
 1688 0.8489709E+05
 1689 0.7510489E+05
 1690 0.8009292E+05
 1691 0.8601253E+05
 1692 0.7563764E+05
 1693 0.8432894E+05
 1694 0.7441265E+05
 1695 0.7390727E+05
 1696 0.8754279E+05
 1697 0.7749907E+05
 1698 0.7167923E+05
 1699 0.7311534E+05
 1700 0.7093287E+05
 1701 0.7793942E+05
 1702 0.6995703E+05
 1703 0.6938335E+05
 1704 0.6494683E+05
 1705 0.7911203E+05
 1706 0.7439031E+05
 1707 0.8007909E+05
 1708 0.6921720E+05
 1709 0.7582432E+05
 1710 0.7922687E+05
 1711 0.7139126E+05
 1712 0.7604754E+05
 1713 0.8419784E+05
 1714 0.7707283E+05
 1715 0.7291321E+05
 1716 0.8301252E+05
 1717 0.7035307E+05
 1718 0.7738223E+05
 1719 0.8188142E+05
 1720 0.7151752E+05
 1721 0.8508148E+05
 1722 0.7188084E+05
 1723 0.8071691E+05
 1724 0.7213380E+05
 1725 0.8065813E+05
 1726 0.7256777E+05
 1727 0.7398210E+05
 1728 0.7922449E+05
 1729 0.7619125E+05
 1730 0.8039028E+05
 1731 0.7410408E+05
 1732 0.7224037E+05
 1733 0.6731581E+05
 1734 0.8037662E+05
 1735 0.7324162E+05
 1736 0.7238499E+05
 1737 0.7357630E+05
 1738 0.7655834E+05
 1739 0.7407084E+05
 1740 0.6701278E+05
 1741 0.7762767E+05
 1742 0.8208278E+05
 1743 0.6226101E+05
 1744 0.7451230E+05
 1745 0.7055741E+05
 1746 0.7335804E+05
 1747 0.7427492E+05
 1748 0.7725422E+05
 1749 0.7341146E+05
 1750 0.7906097E+05
 1751 0.6998425E+05
 1752 0.7518329E+05
 1753 0.6316965E+05
 1754 0.7685231E+05
 1755 0.6888531E+05
 1756 0.6932200E+05
 1757 0.7876078E+05
 1758 0.6947445E+05
 1759 0.6453626E+05
 1760 0.6670639E+05
 1761 0.6809585E+05
 1762 0.6935353E+05
 1763 0.6770986E+05
 1764 0.6582366E+05
 1765 0.7062786E+05
 1766 0.7399629E+05
 1767 0.7428532E+05
 1768 0.6711872E+05
 1769 0.7652029E+05
 1770 0.7358174E+05
 1771 0.7781474E+05
 1772 0.7023441E+05
 1773 0.7069997E+05
 1774 0.7027472E+05
 1775 0.6888902E+05
 1776 0.7236022E+05
 1777 0.7600492E+05
 1778 0.6822887E+05
 1779 0.7130865E+05
 1780 0.8096210E+05
 1781 0.6928670E+05
 1782 0.7210582E+05
 1783 0.6873371E+05
 1784 0.7595132E+05
 1785 0.7179651E+05
 1786 0.6688108E+05
 1787 0.7155486E+05
 1788 0.6721188E+05
 1789 0.6415254E+05
 1790 0.6530943E+05
 1791 0.6567181E+05
 1792 0.8052988E+05
 1793 0.6848019E+05
 1794 0.6888094E+05
 1795 0.6636700E+05
 1796 0.7239769E+05
 1797 0.7889059E+05
 1798 0.6753144E+05
 1799 0.7013526E+05
 1800 0.6674145E+05
 1801 0.5998888E+05
 1802 0.9054662E+05
 1803 0.5907656E+05
 1804 0.6783851E+05
 1805 0.7572534E+05
 1806 0.5948849E+05
 1807 0.6606302E+05
 1808 0.6107506E+05
 1809 0.6788403E+05
 1810 0.7638254E+05
 1811 0.6594685E+05
 1812 0.7289161E+05
 1813 0.5854865E+05
 1814 0.7676017E+05
 1815 0.5798158E+05
 1816 0.6986256E+05
 1817 0.6625621E+05
 1818 0.6693675E+05
 1819 0.6504150E+05
 1820 0.6910462E+05
 1821 0.6903309E+05
 1822 0.7218484E+05
 1823 0.6722412E+05
 1824 0.5986339E+05
 1825 0.6806556E+05
 1826 0.7206443E+05
 1827 0.7613893E+05
 1828 0.7826412E+05
 1829 0.6359694E+05
 1830 0.5888420E+05
 1831 0.5235146E+05
 1832 0.6259259E+05
 1833 0.6334927E+05
 1834 0.7105231E+05
 1835 0.6852059E+05
 1836 0.6736230E+05
 1837 0.5936509E+05
 1838 0.7031243E+05
 1839 0.7312517E+05
 1840 0.6173895E+05
 1841 0.6657199E+05
 1842 0.6079519E+05
 1843 0.6441142E+05
 1844 0.6438255E+05
 1845 0.6279089E+05
 1846 0.6510133E+05
 1847 0.5896218E+05
 1848 0.5919631E+05
 1849 0.6334500E+05
 1850 0.5670944E+05
 1851 0.6746511E+05
 1852 0.7089570E+05
 1853 0.6852999E+05
 1854 0.6466653E+05
 1855 0.5802335E+05
 1856 0.5903163E+05
 1857 0.6314698E+05
 1858 0.5835912E+05
 1859 0.6659986E+05
 1860 0.7511789E+05
 1861 0.5967884E+05
 1862 0.6231259E+05
 1863 0.6118524E+05
 1864 0.6362988E+05
 1865 0.6373142E+05
 1866 0.6685912E+05
 1867 0.7160018E+05
 1868 0.5420491E+05
 1869 0.5619812E+05
 1870 0.6234722E+05
 1871 0.6402156E+05
 1872 0.7091590E+05
 1873 0.7012994E+05
 1874 0.6847501E+05
 1875 0.5904398E+05
 1876 0.5862640E+05
 1877 0.7740984E+05
 1878 0.6201619E+05
 1879 0.6024055E+05
 1880 0.6383936E+05
 1881 0.6068439E+05
 1882 0.6529803E+05
 1883 0.7264103E+05
 1884 0.5375310E+05
 1885 0.7002025E+05
 1886 0.5946532E+05
 1887 0.6150870E+05
 1888 0.5950516E+05
 1889 0.5148141E+05
 1890 0.6409502E+05
 1891 0.5725527E+05
 1892 0.6224249E+05
 1893 0.6355503E+05
 1894 0.6439190E+05
 1895 0.6116039E+05
 1896 0.6275774E+05
 1897 0.6901233E+05
 1898 0.5571430E+05
 1899 0.5933867E+05
 1900 0.6293807E+05
 1901 0.6570258E+05
 1902 0.7318325E+05
 1903 0.5383583E+05
 1904 0.6633209E+05
 1905 0.5697318E+05
 1906 0.5247821E+05
 1907 0.6132818E+05
 1908 0.5466648E+05
 1909 0.5804772E+05
 1910 0.6609581E+05
 1911 0.5352498E+05
 1912 0.5852775E+05
 1913 0.5197608E+05
 1914 0.5765999E+05
 1915 0.6437624E+05
 1916 0.6363602E+05
 1917 0.5872503E+05
 1918 0.5503952E+05
 1919 0.5752132E+05
 1920 0.5124216E+05
 1921 0.6474528E+05
 1922 0.4897173E+05
 1923 0.4964406E+05
 1924 0.6031132E+05
 1925 0.5388589E+05
 1926 0.5973477E+05
 1927 0.6179762E+05
 1928 0.5552325E+05
 1929 0.5699499E+05
 1930 0.5338115E+05
 1931 0.5726931E+05
 1932 0.5227250E+05
 1933 0.6637218E+05
 1934 0.6340149E+05
 1935 0.6041439E+05
 1936 0.5941505E+05
 1937 0.5116977E+05
 1938 0.5143309E+05
 1939 0.5683403E+05
 1940 0.6195078E+05
 1941 0.4695775E+05
 1942 0.5086091E+05
 1943 0.6279929E+05
 1944 0.5308317E+05
 1945 0.5545772E+05
 1946 0.6489042E+05
 1947 0.5504295E+05
 1948 0.5496597E+05
 1949 0.5613458E+05
 1950 0.6388382E+05
 1951 0.5826037E+05
 1952 0.5121506E+05
 1953 0.6573507E+05
 1954 0.5890694E+05
 1955 0.6204215E+05
 1956 0.5763102E+05
 1957 0.5748470E+05
 1958 0.5476458E+05
 1959 0.6684589E+05
 1960 0.5745365E+05
 1961 0.4820875E+05
 1962 0.5135380E+05
 1963 0.5483357E+05
 1964 0.6096187E+05
 1965 0.4837162E+05
 1966 0.6020871E+05
 1967 0.4748353E+05
 1968 0.5304383E+05
 1969 0.6339016E+05
 1970 0.5458101E+05
 1971 0.4251501E+05
 1972 0.5498746E+05
 1973 0.4989660E+05
 1974 0.5468307E+05
 1975 0.5263490E+05
 1976 0.5529646E+05
 1977 0.6192893E+05
 1978 0.5515413E+05
 1979 0.5909744E+05
 1980 0.5570504E+05
 1981 0.5256311E+05
 1982 0.4701730E+05
 1983 0.4945984E+05
 1984 0.5647125E+05
 1985 0.6334103E+05
 1986 0.5283106E+05
 1987 0.5787088E+05
 1988 0.5789666E+05
 1989 0.4612822E+05
 1990 0.6087122E+05
 1991 0.5565638E+05
 1992 0.5960336E+05
 1993 0.5555518E+05
 1994 0.5040699E+05
 1995 0.4674246E+05
 1996 0.5207469E+05
 1997 0.4458750E+05
 1998 0.5370597E+05
 1999 0.5740520E+05
 2000 0.5617894E+05
 2001 0.4885884E+05
 2002 0.4817547E+05
 2003 0.4744831E+05
 2004 0.5197217E+05
 2005 0.4835050E+05
 2006 0.4797860E+05
 2007 0.6131170E+05
 2008 0.6687427E+05
 2009 0.6200124E+05
 2010 0.7805553E+05
 2011 0.4728963E+05
 2012 0.4327400E+05
 2013 0.5642847E+05
 2014 0.5057056E+05
 2015 0.4661195E+05
 2016 0.4007381E+05
 2017 0.5325654E+05
 2018 0.4608532E+05
 2019 0.5602441E+05
 2020 0.4730253E+05
 2021 0.5387196E+05
 2022 0.6305675E+05
 2023 0.5104933E+05
 2024 0.5397791E+05
 2025 0.4320441E+05
 2026 0.6022938E+05
 2027 0.5660446E+05
 2028 0.4959794E+05
 2029 0.4913270E+05
 2030 0.5056581E+05
 2031 0.5259290E+05
 2032 0.4763685E+05
 2033 0.4421814E+05
 2034 0.4145139E+05
 2035 0.4470456E+05
 2036 0.4857534E+05
 2037 0.5982383E+05
 2038 0.4635708E+05
 2039 0.5094770E+05
 2040 0.4660931E+05
 2041 0.4166348E+05
 2042 0.6676264E+05
 2043 0.3738209E+05
 2044 0.4389183E+05
 2045 0.4948574E+05
 2046 0.4574290E+05
 2047 0.4960133E+05
 2048 0.5804147E+05
 2049 0.4742679E+05
 2050 0.4679958E+05
 2051 0.4608748E+05
 2052 0.6259429E+05
 2053 0.5281160E+05
 2054 0.4924218E+05
 2055 0.4874293E+05
 2056 0.5993955E+05
 2057 0.5853311E+05
 2058 0.4498729E+05
 2059 0.4624120E+05
 2060 0.5485969E+05
 2061 0.3471279E+05
 2062 0.3693597E+05
 2063 0.4771676E+05
 2064 0.4818038E+05
 2065 0.4842428E+05
 2066 0.4943302E+05
 2067 0.5113542E+05
 2068 0.5204301E+05
 2069 0.6522512E+05
 2070 0.4507791E+05
 2071 0.4495696E+05
 2072 0.4298721E+05
 2073 0.6193884E+05
 2074 0.4917924E+05
 2075 0.4090005E+05
 2076 0.5116288E+05
 2077 0.4861934E+05
 2078 0.4570730E+05
 2079 0.4558795E+05
 2080 0.7483076E+05
 2081 0.4838297E+05
 2082 0.4930773E+05
 2083 0.4965987E+05
 2084 0.4796891E+05
 2085 0.4607966E+05
 2086 0.3278367E+05
 2087 0.4859611E+05
 2088 0.3982918E+05
 2089 0.4155690E+05
 2090 0.5119533E+05
 2091 0.4490196E+05
 2092 0.5027921E+05
 2093 0.5540501E+05
 2094 0.6314305E+05
 2095 0.4129395E+05
 2096 0.4768362E+05
 2097 0.5408677E+05
 2098 0.4795597E+05
 2099 0.3478162E+05
 2100 0.5662903E+05
 2101 0.2745155E+05
 2102 0.4366661E+05
 2103 0.3127159E+05
 2104 0.4441895E+05
 2105 0.5569037E+05
 2106 0.3864847E+05
 2107 0.4134129E+05
 2108 0.5908792E+05
 2109 0.3380253E+05
 2110 0.4579464E+05
 2111 0.3949333E+05
 2112 0.5420744E+05
 2113 0.4931004E+05
 2114 0.3082842E+05
 2115 0.4193665E+05
 2116 0.0000000E+00
 2117 0.4449347E+05
 2118 0.0000000E+00
 2119 0.5425639E+05
 2120 0.0000000E+00
 2121 0.4178771E+05
 2122 0.0000000E+00
 2123 0.4949609E+05
 2124 0.1192430E+06
 2125 0.3926317E+05
 2126 0.3345777E+05
 2127 0.3412801E+05
 2128 0.8834699E+05
 2129 0.4352915E+05
 2130 0.3829619E+05
 2131 0.2545428E+05
 2132 0.4572856E+05
 2133 0.0000000E+00
 2134 0.4622486E+05
 2135 0.0000000E+00
 2136 0.4296884E+05
 2137 0.0000000E+00
 2138 0.4172593E+05
 2139 0.0000000E+00
 2140 0.4760510E+05
 2141 0.0000000E+00
 2142 0.4719617E+05
 2143 0.0000000E+00
 2144 0.3481807E+05
 2145 0.0000000E+00
 2146 0.4658017E+05
 2147 0.0000000E+00
 2148 0.3744572E+05
 2149 0.4056867E+05
 2150 0.0000000E+00
 2151 0.5307371E+05
 2152 0.0000000E+00
 2153 0.4037417E+05
 2154 0.0000000E+00
 2155 0.5536489E+05
 2156 0.0000000E+00
 2157 0.3799181E+05
 2158 0.0000000E+00
 2159 0.2952109E+05
 2160 0.0000000E+00
 2161 0.7571274E+05
 2162 0.0000000E+00
 2163 0.2698222E+05
 2164 0.0000000E+00
 2165 0.2744494E+05
 2166 0.0000000E+00
 2167 0.9565578E+05
 2168 0.0000000E+00
 2169 0.0000000E+00
 2170 0.1307004E+05
 2171 0.0000000E+00
 2172 0.0000000E+00
 2173 0.0000000E+00
 2174 0.0000000E+00
 2175 0.0000000E+00
 2176 0.0000000E+00
 2177 0.0000000E+00
 2178 0.0000000E+00
 2179 0.0000000E+00
 2180 0.0000000E+00
 2181 0.0000000E+00
 2182 0.0000000E+00
 2183 0.0000000E+00
 2184 0.0000000E+00
 2185 0.0000000E+00
 2186 0.0000000E+00
 2187 0.0000000E+00
 2188 0.0000000E+00
 2189 0.0000000E+00
 2190 0.0000000E+00
 2191 0.0000000E+00
 2192 0.0000000E+00
 2193 0.0000000E+00
 2194 0.0000000E+00
 2195 0.0000000E+00
 2196 0.0000000E+00
 2197 0.0000000E+00
 2198 0.0000000E+00
 2199 0.0000000E+00
 2200 0.0000000E+00
 2201 0.0000000E+00
 2202 0.0000000E+00
 2203 0.0000000E+00
 2204 0.0000000E+00
 2205 0.0000000E+00
 2206 0.0000000E+00
 2207 0.0000000E+00
 2208 0.0000000E+00
 2209 0.0000000E+00
 2210 0.0000000E+00
 2211 0.0000000E+00
 2212 0.0000000E+00
 2213 0.0000000E+00
 2214 0.0000000E+00
 2215 0.0000000E+00
 2216 0.0000000E+00
 2217 0.0000000E+00
 2218 0.0000000E+00
 2219 0.0000000E+00
 2220 0.0000000E+00
 2221 0.0000000E+00
 2222 0.0000000E+00
 2223 0.0000000E+00
 2224 0.0000000E+00
 2225 0.0000000E+00
 2226 0.0000000E+00
 2227 0.0000000E+00
 2228 0.0000000E+00
 2229 0.0000000E+00
 2230 0.0000000E+00
 2231 0.0000000E+00
 2232 0.0000000E+00
 2233 0.0000000E+00
 2234 0.0000000E+00
 2235 0.0000000E+00
 2236 0.0000000E+00
 2237 0.0000000E+00
 2238 0.0000000E+00
 2239 0.0000000E+00
 2240 0.0000000E+00
 2241 0.0000000E+00
 2242 0.0000000E+00
 2243 0.0000000E+00
 2244 0.0000000E+00
 2245 0.0000000E+00
 2246 0.0000000E+00
 2247 0.0000000E+00
 2248 0.0000000E+00
 2249 0.0000000E+00
 2250 0.0000000E+00
 2251 0.0000000E+00
 2252 0.0000000E+00
 2253 0.0000000E+00
 2254 0.0000000E+00
 2255 0.0000000E+00
 2256 0.0000000E+00
 2257 0.0000000E+00
 2258 0.0000000E+00
 2259 0.0000000E+00
 2260 0.0000000E+00
 2261 0.0000000E+00
 2262 0.0000000E+00
 2263 0.0000000E+00
 2264 0.0000000E+00
 2265 0.0000000E+00
 2266 0.0000000E+00
 2267 0.0000000E+00
 2268 0.0000000E+00
 2269 0.0000000E+00
 2270 0.0000000E+00
 2271 0.0000000E+00
 2272 0.0000000E+00
 2273 0.0000000E+00
 2274 0.0000000E+00
 2275 0.0000000E+00
 2276 0.0000000E+00
 2277 0.0000000E+00
 2278 0.0000000E+00
 2279 0.0000000E+00
 2280 0.0000000E+00
 2281 0.0000000E+00
 2282 0.0000000E+00
 2283 0.0000000E+00
 2284 0.0000000E+00
 2285 0.0000000E+00
 2286 0.0000000E+00
 2287 0.0000000E+00
 2288 0.0000000E+00
 2289 0.0000000E+00
 2290 0.0000000E+00
 2291 0.0000000E+00
 2292 0.0000000E+00
 2293 0.0000000E+00
 2294 0.0000000E+00
 2295 0.0000000E+00
 2296 0.0000000E+00
 2297 0.0000000E+00
 2298 0.0000000E+00
 2299 0.0000000E+00
 2300 0.0000000E+00
 2301 0.0000000E+00
 2302 0.0000000E+00
 2303 0.0000000E+00
 2304 0.0000000E+00
 2305 0.0000000E+00
 2306 0.0000000E+00
 2307 0.0000000E+00
 2308 0.0000000E+00
 2309 0.0000000E+00
 2310 0.0000000E+00
 2311 0.0000000E+00
 2312 0.0000000E+00
 2313 0.0000000E+00
 2314 0.0000000E+00
 2315 0.0000000E+00
 2316 0.0000000E+00
 2317 0.0000000E+00
 2318 0.0000000E+00
 2319 0.0000000E+00
 2320 0.0000000E+00
 2321 0.0000000E+00
 2322 0.0000000E+00
 2323 0.0000000E+00
 2324 0.0000000E+00
 2325 0.0000000E+00
 2326 0.0000000E+00
 2327 0.0000000E+00
 2328 0.0000000E+00
 2329 0.0000000E+00
 2330 0.0000000E+00
 2331 0.0000000E+00
 2332 0.0000000E+00
 2333 0.0000000E+00
 2334 0.0000000E+00
 2335 0.0000000E+00
 2336 0.0000000E+00
 2337 0.0000000E+00
 2338 0.0000000E+00
 2339 0.0000000E+00
 2340 0.0000000E+00
 2341 0.0000000E+00
 2342 0.0000000E+00
 2343 0.0000000E+00
 2344 0.0000000E+00
 2345 0.0000000E+00
 2346 0.0000000E+00
 2347 0.0000000E+00
 2348 0.0000000E+00
 2349 0.0000000E+00
 2350 0.0000000E+00
 2351 0.0000000E+00
 2352 0.0000000E+00
 2353 0.0000000E+00
 2354 0.0000000E+00
 2355 0.0000000E+00
 2356 0.0000000E+00
 2357 0.0000000E+00
 2358 0.0000000E+00
 2359 0.0000000E+00
 2360 0.0000000E+00
 2361 0.0000000E+00
 2362 0.0000000E+00
 2363 0.0000000E+00
 2364 0.0000000E+00
 2365 0.0000000E+00
 2366 0.0000000E+00
 2367 0.0000000E+00
 2368 0.0000000E+00
 2369 0.0000000E+00
 2370 0.0000000E+00
 2371 0.0000000E+00
 2372 0.0000000E+00
 2373 0.0000000E+00
 2374 0.0000000E+00
 2375 0.0000000E+00
 2376 0.0000000E+00
 2377 0.0000000E+00
 2378 0.0000000E+00
 2379 0.0000000E+00
 2380 0.0000000E+00
 2381 0.0000000E+00
 2382 0.0000000E+00
 2383 0.0000000E+00
 2384 0.0000000E+00
 2385 0.0000000E+00
 2386 0.0000000E+00
 2387 0.0000000E+00
 2388 0.0000000E+00
 2389 0.0000000E+00
 2390 0.0000000E+00
 2391 0.0000000E+00
 2392 0.0000000E+00
 2393 0.0000000E+00
 2394 0.0000000E+00
 2395 0.0000000E+00
 2396 0.0000000E+00
 2397 0.0000000E+00
 2398 0.0000000E+00
 2399 0.0000000E+00
 2400 0.0000000E+00
 2401 0.0000000E+00
 2402 0.0000000E+00
 2403 0.0000000E+00
 2404 0.0000000E+00
 2405 0.0000000E+00
 2406 0.0000000E+00
 2407 0.0000000E+00
 2408 0.0000000E+00
 2409 0.0000000E+00
 2410 0.0000000E+00
 2411 0.0000000E+00
 2412 0.0000000E+00
 2413 0.0000000E+00
 2414 0.0000000E+00
 2415 0.0000000E+00
 2416 0.0000000E+00
 2417 0.0000000E+00
 2418 0.0000000E+00
 2419 0.0000000E+00
 2420 0.0000000E+00
 2421 0.0000000E+00
 2422 0.0000000E+00
 2423 0.0000000E+00
 2424 0.0000000E+00
 2425 0.0000000E+00
 2426 0.0000000E+00
 2427 0.0000000E+00
 2428 0.0000000E+00
 2429 0.0000000E+00
 2430 0.0000000E+00
 2431 0.0000000E+00
 2432 0.0000000E+00
 2433 0.0000000E+00
 2434 0.0000000E+00
 2435 0.0000000E+00
 2436 0.0000000E+00
 2437 0.0000000E+00
 2438 0.0000000E+00
 2439 0.0000000E+00
 2440 0.0000000E+00
 2441 0.0000000E+00
 2442 0.0000000E+00
 2443 0.0000000E+00
 2444 0.0000000E+00
 2445 0.0000000E+00
 2446 0.0000000E+00
 2447 0.0000000E+00
 2448 0.0000000E+00
 2449 0.0000000E+00
 2450 0.0000000E+00
 2451 0.0000000E+00
 2452 0.0000000E+00
 2453 0.0000000E+00
 2454 0.0000000E+00
 2455 0.0000000E+00
 2456 0.0000000E+00
 2457 0.0000000E+00
 2458 0.0000000E+00
 2459 0.0000000E+00
 2460 0.0000000E+00
 2461 0.0000000E+00
 2462 0.0000000E+00
 2463 0.0000000E+00
 2464 0.0000000E+00
 2465 0.0000000E+00
 2466 0.0000000E+00
 2467 0.0000000E+00
 2468 0.0000000E+00
 2469 0.0000000E+00
 2470 0.0000000E+00
 2471 0.0000000E+00
 2472 0.0000000E+00
 2473 0.0000000E+00
 2474 0.0000000E+00
 2475 0.0000000E+00
 2476 0.0000000E+00
 2477 0.0000000E+00
 2478 0.0000000E+00
 2479 0.0000000E+00
 2480 0.0000000E+00
 2481 0.0000000E+00
 2482 0.0000000E+00
 2483 0.0000000E+00
 2484 0.0000000E+00
 2485 0.0000000E+00
 2486 0.0000000E+00
 2487 0.0000000E+00
 2488 0.0000000E+00
 2489 0.0000000E+00
 2490 0.0000000E+00
 2491 0.0000000E+00
 2492 0.0000000E+00
 2493 0.0000000E+00
 2494 0.0000000E+00
 2495 0.0000000E+00
 2496 0.0000000E+00
 2497 0.0000000E+00
 2498 0.0000000E+00
 2499 0.0000000E+00
 2500 0.0000000E+00
 2501 0.0000000E+00
 2502 0.0000000E+00
 2503 0.0000000E+00
 2504 0.0000000E+00
 2505 0.0000000E+00
 2506 0.0000000E+00
 2507 0.0000000E+00
 2508 0.0000000E+00
 2509 0.0000000E+00
 2510 0.0000000E+00
 2511 0.0000000E+00
 2512 0.0000000E+00
 2513 0.0000000E+00
 2514 0.0000000E+00
 2515 0.0000000E+00
 2516 0.0000000E+00
 2517 0.0000000E+00
 2518 0.0000000E+00
 2519 0.0000000E+00
 2520 0.0000000E+00
 2521 0.0000000E+00
 2522 0.0000000E+00
 2523 0.0000000E+00
 2524 0.0000000E+00
 2525 0.0000000E+00
 2526 0.0000000E+00
 2527 0.0000000E+00
 2528 0.0000000E+00
 2529 0.0000000E+00
 2530 0.0000000E+00
 2531 0.0000000E+00
 2532 0.0000000E+00
 2533 0.0000000E+00
 2534 0.0000000E+00
 2535 0.0000000E+00
 2536 0.0000000E+00
 2537 0.0000000E+00
 2538 0.0000000E+00
 2539 0.0000000E+00
 2540 0.0000000E+00
 2541 0.0000000E+00
 2542 0.0000000E+00
 2543 0.0000000E+00
 2544 0.0000000E+00
 2545 0.0000000E+00
 2546 0.0000000E+00
 2547 0.0000000E+00
 2548 0.0000000E+00
 2549 0.0000000E+00
 2550 0.0000000E+00
 2551 0.0000000E+00
 2552 0.0000000E+00
 2553 0.0000000E+00
 2554 0.0000000E+00
 2555 0.0000000E+00
 2556 0.0000000E+00
 2557 0.0000000E+00
 2558 0.0000000E+00
 2559 0.0000000E+00
 2560 0.0000000E+00
 2561 0.0000000E+00
 2562 0.0000000E+00
 2563 0.0000000E+00
 2564 0.0000000E+00
 2565 0.0000000E+00
 2566 0.0000000E+00
 2567 0.0000000E+00
 2568 0.0000000E+00
 2569 0.0000000E+00
 2570 0.0000000E+00
 2571 0.0000000E+00
 2572 0.0000000E+00
 2573 0.0000000E+00
 2574 0.0000000E+00
 2575 0.0000000E+00
 2576 0.0000000E+00
 2577 0.0000000E+00
 2578 0.0000000E+00
 2579 0.0000000E+00
 2580 0.0000000E+00
 2581 0.0000000E+00
 2582 0.0000000E+00
 2583 0.0000000E+00
 2584 0.0000000E+00
 2585 0.0000000E+00
 2586 0.0000000E+00
 2587 0.0000000E+00
 2588 0.0000000E+00
 2589 0.0000000E+00
 2590 0.0000000E+00
 2591 0.0000000E+00
 2592 0.0000000E+00
 2593 0.0000000E+00
 2594 0.0000000E+00
 2595 0.0000000E+00
 2596 0.0000000E+00
 2597 0.0000000E+00
 2598 0.0000000E+00
 2599 0.0000000E+00
 2600 0.0000000E+00
 2601 0.0000000E+00
 2602 0.0000000E+00
 2603 0.0000000E+00
 2604 0.0000000E+00
 2605 0.0000000E+00
 2606 0.0000000E+00
 2607 0.0000000E+00
 2608 0.0000000E+00
 2609 0.0000000E+00
 2610 0.0000000E+00
 2611 0.0000000E+00
 2612 0.0000000E+00
 2613 0.0000000E+00
 2614 0.0000000E+00
 2615 0.0000000E+00
 2616 0.0000000E+00
 2617 0.0000000E+00
 2618 0.0000000E+00
 2619 0.0000000E+00
 2620 0.0000000E+00
 2621 0.0000000E+00
 2622 0.0000000E+00
 2623 0.0000000E+00
 2624 0.0000000E+00
 2625 0.0000000E+00
 2626 0.0000000E+00
 2627 0.0000000E+00
 2628 0.0000000E+00
 2629 0.0000000E+00
 2630 0.0000000E+00
 2631 0.0000000E+00
 2632 0.0000000E+00
 2633 0.0000000E+00
 2634 0.0000000E+00
 2635 0.0000000E+00
 2636 0.0000000E+00
 2637 0.0000000E+00
 2638 0.0000000E+00
 2639 0.0000000E+00
 2640 0.0000000E+00
 2641 0.0000000E+00
 2642 0.0000000E+00
 2643 0.0000000E+00
 2644 0.0000000E+00
 2645 0.0000000E+00
 2646 0.0000000E+00
 2647 0.0000000E+00
 2648 0.0000000E+00
 2649 0.0000000E+00
 2650 0.0000000E+00
 2651 0.0000000E+00
 2652 0.0000000E+00
 2653 0.0000000E+00
 2654 0.0000000E+00
 2655 0.0000000E+00
 2656 0.0000000E+00
 2657 0.0000000E+00
 2658 0.0000000E+00
 2659 0.0000000E+00
 2660 0.0000000E+00
 2661 0.0000000E+00
 2662 0.0000000E+00
 2663 0.0000000E+00
 2664 0.0000000E+00
 2665 0.0000000E+00
 2666 0.0000000E+00
 2667 0.0000000E+00
 2668 0.0000000E+00
 2669 0.0000000E+00
 2670 0.0000000E+00
 2671 0.0000000E+00
 2672 0.0000000E+00
 2673 0.0000000E+00
 2674 0.0000000E+00
 2675 0.0000000E+00
 2676 0.0000000E+00
 2677 0.0000000E+00
 2678 0.0000000E+00
 2679 0.0000000E+00
 2680 0.0000000E+00
 2681 0.0000000E+00
 2682 0.0000000E+00
 2683 0.0000000E+00
 2684 0.0000000E+00
 2685 0.0000000E+00
 2686 0.0000000E+00
 2687 0.0000000E+00
 2688 0.0000000E+00
 2689 0.0000000E+00
 2690 0.0000000E+00
 2691 0.0000000E+00
 2692 0.0000000E+00
 2693 0.0000000E+00
 2694 0.0000000E+00
 2695 0.0000000E+00
 2696 0.0000000E+00
 2697 0.0000000E+00
 2698 0.0000000E+00
 2699 0.0000000E+00
 2700 0.0000000E+00
 2701 0.0000000E+00
 2702 0.0000000E+00
 2703 0.0000000E+00
 2704 0.0000000E+00
 2705 0.0000000E+00
 2706 0.0000000E+00
 2707 0.0000000E+00
 2708 0.0000000E+00
 2709 0.0000000E+00
 2710 0.0000000E+00
 2711 0.0000000E+00
 2712 0.0000000E+00
 2713 0.0000000E+00
 2714 0.0000000E+00
 2715 0.0000000E+00
 2716 0.0000000E+00
 2717 0.0000000E+00
 2718 0.0000000E+00
 2719 0.0000000E+00
 2720 0.0000000E+00
 2721 0.0000000E+00
 2722 0.0000000E+00
 2723 0.0000000E+00
 2724 0.0000000E+00
 2725 0.0000000E+00
 2726 0.0000000E+00
 2727 0.0000000E+00
 2728 0.0000000E+00
 2729 0.0000000E+00
 2730 0.0000000E+00
 2731 0.0000000E+00
 2732 0.0000000E+00
 2733 0.0000000E+00
 2734 0.0000000E+00
 2735 0.0000000E+00
 2736 0.0000000E+00
 2737 0.0000000E+00
 2738 0.0000000E+00
 2739 0.0000000E+00
 2740 0.0000000E+00
 2741 0.0000000E+00
 2742 0.0000000E+00
 2743 0.0000000E+00
 2744 0.0000000E+00
 2745 0.0000000E+00
 2746 0.0000000E+00
 2747 0.0000000E+00
 2748 0.0000000E+00
 2749 0.0000000E+00
 2750 0.0000000E+00
 2751 0.0000000E+00
 2752 0.0000000E+00
 2753 0.0000000E+00
 2754 0.0000000E+00
 2755 0.0000000E+00
 2756 0.0000000E+00
 2757 0.0000000E+00
 2758 0.0000000E+00
 2759 0.0000000E+00
 2760 0.0000000E+00
 2761 0.0000000E+00
 2762 0.0000000E+00
 2763 0.0000000E+00
 2764 0.0000000E+00
 2765 0.0000000E+00
 2766 0.0000000E+00
 2767 0.0000000E+00
 2768 0.0000000E+00
 2769 0.0000000E+00
 2770 0.0000000E+00
 2771 0.0000000E+00
 2772 0.0000000E+00
 2773 0.0000000E+00
 2774 0.0000000E+00
 2775 0.0000000E+00
 2776 0.0000000E+00
 2777 0.0000000E+00
 2778 0.0000000E+00
 2779 0.0000000E+00
 2780 0.0000000E+00
 2781 0.0000000E+00
 2782 0.0000000E+00
 2783 0.0000000E+00
 2784 0.0000000E+00
 2785 0.0000000E+00
 2786 0.0000000E+00
 2787 0.0000000E+00
 2788 0.0000000E+00
 2789 0.0000000E+00
 2790 0.0000000E+00
 2791 0.0000000E+00
 2792 0.0000000E+00
 2793 0.0000000E+00
 2794 0.0000000E+00
 2795 0.0000000E+00
 2796 0.0000000E+00
 2797 0.0000000E+00
 2798 0.0000000E+00
 2799 0.0000000E+00
 2800 0.0000000E+00
 2801 0.0000000E+00
 2802 0.0000000E+00
 2803 0.0000000E+00
 2804 0.0000000E+00
 2805 0.0000000E+00
 2806 0.0000000E+00
 2807 0.0000000E+00
 2808 0.0000000E+00
 2809 0.0000000E+00
 2810 0.0000000E+00
 2811 0.0000000E+00
 2812 0.0000000E+00
 2813 0.0000000E+00
 2814 0.0000000E+00
 2815 0.0000000E+00
 2816 0.0000000E+00
 2817 0.0000000E+00
 2818 0.0000000E+00
 2819 0.0000000E+00
 2820 0.0000000E+00
 2821 0.0000000E+00
 2822 0.0000000E+00
 2823 0.0000000E+00
 2824 0.0000000E+00
 2825 0.0000000E+00
 2826 0.0000000E+00
 2827 0.0000000E+00
 2828 0.0000000E+00
 2829 0.0000000E+00
 2830 0.0000000E+00
 2831 0.0000000E+00
 2832 0.0000000E+00
 2833 0.0000000E+00
 2834 0.0000000E+00
 2835 0.0000000E+00
 2836 0.0000000E+00
 2837 0.0000000E+00
 2838 0.0000000E+00
 2839 0.0000000E+00
 2840 0.0000000E+00
 2841 0.0000000E+00
 2842 0.0000000E+00
 2843 0.0000000E+00
 2844 0.0000000E+00
 2845 0.0000000E+00
 2846 0.0000000E+00
 2847 0.0000000E+00
 2848 0.0000000E+00
 2849 0.0000000E+00
 2850 0.0000000E+00
 2851 0.0000000E+00
 2852 0.0000000E+00
 2853 0.0000000E+00
 2854 0.0000000E+00
 2855 0.0000000E+00
 2856 0.0000000E+00
 2857 0.0000000E+00
 2858 0.0000000E+00
 2859 0.0000000E+00
 2860 0.0000000E+00
 2861 0.0000000E+00
 2862 0.0000000E+00
 2863 0.0000000E+00
 2864 0.0000000E+00
 2865 0.0000000E+00
 2866 0.0000000E+00
 2867 0.0000000E+00
 2868 0.0000000E+00
 2869 0.0000000E+00
 2870 0.0000000E+00
 2871 0.0000000E+00
 2872 0.0000000E+00
 2873 0.0000000E+00
 2874 0.0000000E+00
 2875 0.0000000E+00
 2876 0.0000000E+00
 2877 0.0000000E+00
 2878 0.0000000E+00
 2879 0.0000000E+00
 2880 0.0000000E+00
 2881 0.0000000E+00
 2882 0.0000000E+00
 2883 0.0000000E+00
 2884 0.0000000E+00
 2885 0.0000000E+00
 2886 0.0000000E+00
 2887 0.0000000E+00
 2888 0.0000000E+00
 2889 0.0000000E+00
 2890 0.0000000E+00
 2891 0.0000000E+00
 2892 0.0000000E+00
 2893 0.0000000E+00
 2894 0.0000000E+00
 2895 0.0000000E+00
 2896 0.0000000E+00
 2897 0.0000000E+00
 2898 0.0000000E+00
 2899 0.0000000E+00
 2900 0.0000000E+00
 2901 0.0000000E+00
 2902 0.0000000E+00
 2903 0.0000000E+00
 2904 0.0000000E+00
 2905 0.0000000E+00
 2906 0.0000000E+00
 2907 0.0000000E+00
 2908 0.0000000E+00
 2909 0.0000000E+00
 2910 0.0000000E+00
 2911 0.0000000E+00
 2912 0.0000000E+00
 2913 0.0000000E+00
 2914 0.0000000E+00
 2915 0.0000000E+00
 2916 0.0000000E+00
 2917 0.0000000E+00
 2918 0.0000000E+00
 2919 0.0000000E+00
 2920 0.0000000E+00
 2921 0.0000000E+00
 2922 0.0000000E+00
 2923 0.0000000E+00
 2924 0.0000000E+00
 2925 0.0000000E+00
 2926 0.0000000E+00
 2927 0.0000000E+00
 2928 0.0000000E+00
 2929 0.0000000E+00
 2930 0.0000000E+00
 2931 0.0000000E+00
 2932 0.0000000E+00
 2933 0.0000000E+00
 2934 0.0000000E+00
 2935 0.0000000E+00
 2936 0.0000000E+00
 2937 0.0000000E+00
 2938 0.0000000E+00
 2939 0.0000000E+00
 2940 0.0000000E+00
 2941 0.0000000E+00
 2942 0.0000000E+00
 2943 0.0000000E+00
 2944 0.0000000E+00
 2945 0.0000000E+00
 2946 0.0000000E+00
 2947 0.0000000E+00
 2948 0.0000000E+00
 2949 0.0000000E+00
 2950 0.0000000E+00
 2951 0.0000000E+00
 2952 0.0000000E+00
 2953 0.0000000E+00
 2954 0.0000000E+00
 2955 0.0000000E+00
 2956 0.0000000E+00
 2957 0.0000000E+00
 2958 0.0000000E+00
 2959 0.0000000E+00
 2960 0.0000000E+00
 2961 0.0000000E+00
 2962 0.0000000E+00
 2963 0.0000000E+00
 2964 0.0000000E+00
 2965 0.0000000E+00
 2966 0.0000000E+00
 2967 0.0000000E+00
 2968 0.0000000E+00
 2969 0.0000000E+00
 2970 0.0000000E+00
 2971 0.0000000E+00
 2972 0.0000000E+00
 2973 0.0000000E+00
 2974 0.0000000E+00
 2975 0.0000000E+00
 2976 0.0000000E+00
 2977 0.0000000E+00
 2978 0.0000000E+00
 2979 0.0000000E+00
 2980 0.0000000E+00
 2981 0.0000000E+00
 2982 0.0000000E+00
 2983 0.0000000E+00
 2984 0.0000000E+00
 2985 0.0000000E+00
 2986 0.0000000E+00
 2987 0.0000000E+00
 2988 0.0000000E+00
 2989 0.0000000E+00
 2990 0.0000000E+00
 2991 0.0000000E+00
 2992 0.0000000E+00
 2993 0.0000000E+00
 2994 0.0000000E+00
 2995 0.0000000E+00
 2996 0.0000000E+00
 2997 0.0000000E+00
 2998 0.0000000E+00
 2999 0.0000000E+00
 3000 0.0000000E+00
